 1  -999.00000 -999.00000 -999.00000 -999.00000 -999.00000 -999.00000 -999.00000 -999.00000 
 2  0.12133 -999.00000 -999.00000 -999.00000 -999.00000 -999.00000 -0.00000 -999.00000 
 3  0.11958 -999.00000 -999.00000 -0.00000 -999.00000 -999.00000 -0.00000 -999.00000 
 4  0.10090 -999.00000 -999.00000 -999.00000 -999.00000 -999.00000 -999.00000 -0.00000 
 5  -999.00000 -999.00000 -0.00000 -999.00000 -999.00000 -999.00000 -999.00000 -999.00000 
 6  -0.01375 -999.00000 -999.00000 -999.00000 -999.00000 -999.00000 -999.00000 -999.00000 
 7  0.04134 -999.00000 -999.00000 -999.00000 -999.00000 -999.00000 -999.00000 -999.00000 
 8  0.05906 -999.00000 -999.00000 -999.00000 -999.00000 -999.00000 -0.00000 -0.00000 
 9  0.08825 -0.00000 -999.00000 -999.00000 -999.00000 -999.00000 -0.00000 -999.00000 
 10  0.06032 -0.00000 -999.00000 -999.00000 -999.00000 -999.00000 -0.00000 -999.00000 
 11  -999.00000 -999.00000 -999.00000 -0.00000 -999.00000 -999.00000 -0.00000 -999.00000 
 12  -999.00000 -999.00000 -999.00000 -0.05507 -999.00000 -0.00000 -0.00000 -999.00000 
 13  -0.05961 -999.00000 -999.00000 -0.10248 -999.00000 -0.00000 -0.00000 -999.00000 
 14  -0.00085 -999.00000 -999.00000 -999.00000 -999.00000 -999.00000 -999.00000 -999.00000 
 15  -999.00000 -999.00000 -0.00000 -0.01514 -999.00000 -999.00000 -999.00000 -0.00000 
 16  0.04098 -999.00000 -999.00000 -0.14684 -999.00000 -999.00000 -999.00000 -999.00000 
 17  0.01171 -999.00000 -999.00000 -999.00000 -0.00000 -999.00000 -999.00000 -999.00000 
 18  -0.05929 -999.00000 -999.00000 -999.00000 -999.00000 -999.00000 -999.00000 -0.00000 
 19  0.05591 -999.00000 -999.00000 -0.00204 -0.00000 -999.00000 -999.00000 -0.00000 
 20  0.04239 -999.00000 -999.00000 -0.05921 -0.00000 -999.00000 1.40000 -0.00000 
 21  0.01544 -999.00000 -999.00000 -999.00000 -999.00000 -999.00000 -999.00000 -0.00000 
 22  0.08446 -999.00000 -999.00000 -0.05250 -999.00000 -0.00000 0.10000 -999.00000 
 23  0.07480 -999.00000 -999.00000 -0.03894 -999.00000 -999.00000 -999.00000 1.40000 
 24  -0.03396 -999.00000 -999.00000 -999.00000 -999.00000 -999.00000 -999.00000 1.20000 
 25  0.04677 -999.00000 -999.00000 -999.00000 -999.00000 -0.00000 -999.00000 -999.00000 
 26  -999.00000 -999.00000 -999.00000 -0.05091 -0.00000 -999.00000 -0.00000 -999.00000 
 27  -0.02101 -999.00000 -999.00000 -999.00000 -999.00000 3.20000 -0.00000 -999.00000 
 28  0.05507 -999.00000 -999.00000 -999.00000 -0.20000 -999.00000 -999.00000 -999.00000 
 29  -0.05574 -999.00000 -999.00000 0.02810 -999.00000 -999.00000 -999.00000 -999.00000 
 30  -0.08484 -999.00000 -999.00000 0.04011 -999.00000 -0.00000 -999.00000 -0.00000 
 31  -0.04136 -999.00000 -999.00000 -999.00000 -999.00000 -0.00000 -999.00000 -0.00000 
 32  -999.00000 -999.00000 -999.00000 -999.00000 -999.00000 -0.00000 -0.00000 -999.00000 
 33  -0.08617 -999.00000 -999.00000 -0.03055 -3.60000 -999.00000 -0.00000 -0.00000 
 34  -0.03404 -999.00000 -999.00000 -999.00000 -999.00000 -0.00000 -0.00000 -0.00000 
 35  -0.04368 -0.00000 -999.00000 -999.00000 -999.00000 -0.00000 -0.00000 -999.00000 
 36  0.04354 -999.00000 -999.00000 -0.01692 -999.00000 -0.00000 -999.00000 -0.00000 
 37  -0.04071 -999.00000 -999.00000 0.15312 -0.00000 -0.00000 -0.00000 -0.00000 
 38  -999.00000 -999.00000 -999.00000 -999.00000 -0.00000 -999.00000 -0.00000 -0.00000 
 39  -0.02385 -999.00000 -999.00000 -0.00721 2.40000 -999.00000 -0.00000 -0.00000 
 40  -0.00920 -999.00000 -999.00000 0.36923 -0.00000 -999.00000 -999.00000 -0.00000 
 41  -0.00821 -999.00000 -999.00000 0.15506 -999.00000 -999.00000 -999.00000 -0.00000 
 42  -0.03799 -999.00000 -999.00000 -999.00000 -999.00000 -0.00000 -999.00000 -0.00000 
 43  0.05445 -999.00000 -999.00000 0.03354 -999.00000 -999.00000 -0.00000 -999.00000 
 44  0.00868 -999.00000 -999.00000 -0.18788 -0.06667 -999.00000 -999.00000 -0.00000 
 45  0.03869 -999.00000 -999.00000 -999.00000 -999.00000 -999.00000 -0.00000 -0.00000 
 46  -0.01066 -999.00000 -999.00000 -0.01375 -999.00000 -999.00000 -0.00000 -999.00000 
 47  -0.03002 -999.00000 -999.00000 -999.00000 -999.00000 -999.00000 -999.00000 -999.00000 
 48  0.04617 -999.00000 -999.00000 -999.00000 -999.00000 -999.00000 -999.00000 -999.00000 
 49  0.01555 -0.00000 -999.00000 -0.01613 -999.00000 -0.00000 -999.00000 -999.00000 
 50  -0.09651 -0.00000 -999.00000 -0.01300 -999.00000 -999.00000 -999.00000 -0.00000 
 51  0.05105 1.20000 -999.00000 -999.00000 -999.00000 -999.00000 -999.00000 -999.00000 
 52  0.06515 -999.00000 -999.00000 -999.00000 -999.00000 -999.00000 -999.00000 -999.00000 
 53  -0.01054 -999.00000 -999.00000 0.05918 -999.00000 -999.00000 -999.00000 -999.00000 
 54  -0.02340 -999.00000 -999.00000 0.23957 -999.00000 -0.07385 -999.00000 -999.00000 
 55  -999.00000 -999.00000 -999.00000 -0.39286 -999.00000 -999.00000 -999.00000 -999.00000 
 56  -0.03514 -999.00000 -999.00000 0.01765 -999.00000 0.39403 -999.00000 -999.00000 
 57  0.01383 -999.00000 -999.00000 -0.01931 -999.00000 -0.01273 0.03750 -999.00000 
 58  -999.00000 -999.00000 -999.00000 0.44615 -999.00000 -999.00000 0.20571 -999.00000 
 59  -0.04392 -999.00000 -999.00000 -999.00000 -999.00000 -0.15122 0.14318 -999.00000 
 60  -0.04628 -999.00000 -999.00000 -0.02341 -999.00000 -0.03383 0.02314 -999.00000 
 61  0.01967 -999.00000 -999.00000 -999.00000 -999.00000 -0.00000 -0.24730 -999.00000 
 62  0.06390 -999.00000 -999.00000 -999.00000 -999.00000 -0.13147 0.05614 -999.00000 
 63  -999.00000 -999.00000 -999.00000 0.02676 -999.00000 -0.09954 -0.00000 -999.00000 
 64  0.10652 -999.00000 -999.00000 -999.00000 -999.00000 -0.21283 0.07769 -999.00000 
 65  -999.00000 -999.00000 -999.00000 -999.00000 -999.00000 -0.05251 -0.04792 -999.00000 
 66  -999.00000 -999.00000 -999.00000 -999.00000 -999.00000 0.11789 -999.00000 -999.00000 
 67  -999.00000 -999.00000 -999.00000 0.02095 -999.00000 -0.13589 -0.09879 -999.00000 
 68  -999.00000 -999.00000 -999.00000 -999.00000 -999.00000 -0.08125 0.08864 -999.00000 
 69  -0.05199 -999.00000 -999.00000 -999.00000 -0.00000 -0.00695 -0.00430 -999.00000 
 70  -0.11501 -999.00000 -999.00000 -0.03789 -0.00000 -0.01978 -0.01121 -999.00000 
 71  0.02426 -999.00000 -0.10000 -999.00000 -999.00000 -0.08691 -0.00254 -999.00000 
 72  0.04096 -999.00000 -0.00000 -999.00000 -999.00000 -0.09144 0.00991 -999.00000 
 73  0.04895 -999.00000 -999.00000 0.06192 -999.00000 -0.02869 0.01664 -999.00000 
 74  0.06483 -999.00000 -999.00000 -999.00000 -999.00000 -0.06680 -0.02348 -999.00000 
 75  0.00530 -999.00000 -999.00000 -999.00000 -999.00000 -0.15895 -0.03473 -999.00000 
 76  -0.00832 -999.00000 -999.00000 -999.00000 -999.00000 -0.05255 -0.04051 -999.00000 
 77  -0.03558 -999.00000 -999.00000 -0.00962 -999.00000 -0.03323 -0.05982 -999.00000 
 78  0.00860 -999.00000 -999.00000 -999.00000 -999.00000 0.01679 -0.00943 -999.00000 
 79  0.03684 -999.00000 -999.00000 -999.00000 -999.00000 -0.01191 -0.04599 -999.00000 
 80  0.06477 -999.00000 -999.00000 -0.00495 -999.00000 -0.04823 0.02016 -999.00000 
 81  0.03826 -999.00000 -999.00000 -999.00000 -999.00000 0.08527 0.04870 -999.00000 
 82  -0.91722 -999.00000 -999.00000 -999.00000 -999.00000 -0.05737 -0.00709 -999.00000 
 83  -0.00653 -999.00000 -999.00000 0.02668 -999.00000 -0.05360 0.09225 -999.00000 
 84  -0.01007 -999.00000 -999.00000 0.01128 -999.00000 -0.01907 -0.02275 -999.00000 
 85  0.05044 -999.00000 -999.00000 -999.00000 -999.00000 -0.06087 -0.04746 -999.00000 
 86  -1.03217 -999.00000 -999.00000 -999.00000 -999.00000 -0.00118 0.02629 -999.00000 
 87  -0.06694 -999.00000 -999.00000 0.00625 -999.00000 -0.00636 -1.20770 -999.00000 
 88  -0.02654 -999.00000 -999.00000 -999.00000 -999.00000 -0.06487 -0.05308 -0.20000 
 89  0.00799 -999.00000 -999.00000 -999.00000 -999.00000 -0.06400 -0.00303 -0.14000 
 90  -0.87410 -999.00000 -999.00000 0.00386 -999.00000 -0.10530 0.39626 -0.19718 
 91  -0.02531 -999.00000 -999.00000 -999.00000 -999.00000 1.66250 -0.07527 -0.17528 
 92  0.03864 -999.00000 -999.00000 -999.00000 -999.00000 -0.02923 0.07408 0.03333 
 93  -0.07232 -999.00000 -999.00000 -999.00000 -999.00000 -0.05977 -0.00000 -999.00000 
 94  -999.00000 -999.00000 -999.00000 -0.00426 -999.00000 -0.03053 0.17287 -0.05794 
 95  -0.00240 -999.00000 -999.00000 -999.00000 -999.00000 -0.04759 0.05229 -0.14808 
 96  0.06365 -999.00000 -999.00000 -999.00000 -999.00000 0.01226 0.04018 -0.05692 
 97  0.01156 -999.00000 -999.00000 -0.03742 -999.00000 -0.00686 0.05281 -999.00000 
 98  0.11218 -999.00000 -999.00000 -999.00000 -999.00000 0.02212 -0.00590 0.12757 
 99  0.00066 -999.00000 -999.00000 -999.00000 -999.00000 0.01245 0.01396 0.00684 
 100  -0.02594 -999.00000 -999.00000 -1.17496 -999.00000 -0.08810 -0.04715 -999.00000 
 101  -0.04229 -999.00000 -999.00000 -999.00000 -999.00000 -0.04719 0.01425 0.04400 
 102  -0.02718 -999.00000 -999.00000 -999.00000 -999.00000 -0.01187 0.00471 0.11918 
 103  0.05419 -999.00000 -999.00000 -999.00000 -999.00000 0.02219 0.70021 -0.30303 
 104  0.04911 -999.00000 -999.00000 -0.00289 -999.00000 -0.08642 -0.02419 -0.03190 
 105  -999.00000 -999.00000 -999.00000 -999.00000 -999.00000 -0.08609 0.00065 -0.20565 
 106  -0.02479 -999.00000 -999.00000 -999.00000 -999.00000 -0.07060 0.03083 0.15729 
 107  -0.05927 -999.00000 -999.00000 -0.03686 -999.00000 -0.03919 0.06904 0.05700 
 108  -0.05482 -999.00000 -999.00000 -999.00000 -999.00000 -999.00000 -0.01163 0.12277 
 109  0.00828 -999.00000 -999.00000 -999.00000 -999.00000 -0.02953 0.01056 -999.00000 
 110  0.00378 -999.00000 -999.00000 -999.00000 -999.00000 -0.06346 -0.01163 0.08824 
 111  -0.01527 -999.00000 -999.00000 -0.00375 -999.00000 0.04308 0.06158 0.12995 
 112  -1.18822 -0.00000 -999.00000 -999.00000 -999.00000 0.00124 -0.03971 0.01491 
 113  0.06282 -0.00000 -999.00000 -999.00000 -999.00000 -0.07443 -0.01646 -0.05761 
 114  -0.85546 -0.00000 -999.00000 -1.04766 -999.00000 -0.04707 0.00438 0.06616 
 115  0.04943 -999.00000 -999.00000 -999.00000 0.09231 -0.04604 -0.02040 -0.04033 
 116  -0.10878 -999.00000 -999.00000 -0.00000 -999.00000 -0.00181 -0.03300 -0.08134 
 117  0.00870 -999.00000 -999.00000 -0.01106 -999.00000 0.00736 0.05316 0.09000 
 118  0.03763 -999.00000 -999.00000 -999.00000 -999.00000 -999.00000 0.04492 -0.12374 
 119  0.04296 -999.00000 -999.00000 -999.00000 -999.00000 -0.00092 0.03983 -0.13112 
 120  0.01735 -999.00000 -999.00000 -999.00000 0.00857 0.05159 0.02057 -0.06817 
 121  -0.04981 -999.00000 -999.00000 0.03393 -0.23864 -0.01694 0.03577 -0.06847 
 122  -0.07880 -999.00000 -999.00000 -999.00000 0.16033 -0.03394 0.03755 -0.05256 
 123  -0.05003 -999.00000 -0.00000 -999.00000 -0.18364 -0.06616 0.06888 -0.05387 
 124  0.02387 -999.00000 -999.00000 -1.17114 0.12066 -0.09673 0.06965 0.02174 
 125  0.01132 -999.00000 -999.00000 -999.00000 0.08571 -0.10304 0.01168 0.03082 
 126  -0.05060 -999.00000 -999.00000 -999.00000 -0.00154 -0.07279 0.06160 -0.07725 
 127  -999.00000 -999.00000 -999.00000 -0.02122 -0.08250 -0.01039 0.06673 -0.07231 
 128  -999.00000 -999.00000 -999.00000 -0.05221 -999.00000 0.01383 0.05012 0.04118 
 129  -999.00000 -999.00000 -999.00000 -0.00000 -1.02125 -999.00000 0.04022 -999.00000 
 130  -999.00000 -999.00000 -999.00000 -0.04190 -0.10964 -0.08779 0.01835 -999.00000 
 131  -0.08337 -999.00000 -999.00000 -0.04569 -999.00000 -999.00000 0.05490 -999.00000 
 132  -0.05371 -999.00000 -999.00000 -999.00000 0.07634 -0.03807 0.04859 -999.00000 
 133  -0.19668 -999.00000 -999.00000 -0.00000 -999.00000 -0.07758 0.03759 0.04156 
 134  -999.00000 -999.00000 -999.00000 -0.01822 -999.00000 -1.10126 0.07633 -0.13262 
 135  -0.05522 -999.00000 -999.00000 -999.00000 -999.00000 -0.02495 0.00535 0.10792 
 136  -0.04634 -999.00000 -999.00000 -0.00000 0.11038 -0.04623 0.01231 -999.00000 
 137  0.01530 -999.00000 -999.00000 0.00412 -1.21639 0.00151 -0.00962 0.03881 
 138  -0.03237 -999.00000 -999.00000 0.01163 -999.00000 -0.00373 -0.04585 -0.06667 
 139  -2.26471 -999.00000 -999.00000 -999.00000 -999.00000 0.00037 0.01660 0.06291 
 140  -0.04118 -999.00000 -999.00000 -999.00000 0.12255 -0.01355 0.01351 -0.00417 
 141  -0.02793 -999.00000 -999.00000 0.02084 -0.92482 -0.04467 0.05852 0.02981 
 142  -0.03040 -999.00000 -999.00000 -999.00000 0.15649 0.02393 0.05176 -0.04605 
 143  0.05374 -999.00000 -999.00000 -0.00000 0.25439 -0.00405 0.01248 0.01000 
 144  -0.08473 -999.00000 -999.00000 -0.02173 -0.12351 -0.09311 0.10972 -0.08389 
 145  0.00897 -999.00000 -999.00000 -999.00000 -0.08769 -0.00316 0.07654 0.01128 
 146  -0.08051 -999.00000 -999.00000 -999.00000 0.04240 -999.00000 0.01800 -0.05336 
 147  0.01605 -999.00000 -999.00000 0.07642 0.14297 -0.02975 -0.01471 0.05966 
 148  0.04643 -999.00000 -999.00000 0.02053 -999.00000 -999.00000 0.03278 0.06151 
 149  -0.91207 0.12308 -999.00000 -999.00000 0.03876 -0.01981 0.05479 -0.04723 
 150  0.03241 -999.00000 -999.00000 0.01171 -1.18091 0.03654 0.03614 0.01259 
 151  -0.00174 -999.00000 -999.00000 -0.01389 0.02243 -0.04552 0.06569 -0.10588 
 152  0.05936 -0.09020 -999.00000 -999.00000 -0.04246 -0.05352 0.01174 0.01466 
 153  -0.02180 -0.05909 -999.00000 -999.00000 0.18659 0.01597 0.00851 -0.01863 
 154  0.00271 -999.00000 -999.00000 0.02435 0.07594 -0.02105 0.03530 0.01345 
 155  -0.00815 -0.02286 -999.00000 -999.00000 -0.07667 -0.00961 -0.02610 -0.02496 
 156  0.05984 -999.00000 -999.00000 -999.00000 -0.00545 -0.00421 0.04367 -0.01226 
 157  -0.00394 -0.15738 -999.00000 0.02193 -1.07927 -0.03963 0.05438 -0.09821 
 158  -0.01317 -0.10233 -999.00000 -0.00431 -0.05627 -999.00000 -0.03444 -0.01952 
 159  0.02428 -0.23662 -999.00000 -999.00000 0.06246 -0.03421 0.02262 0.08187 
 160  -999.00000 -0.02826 -999.00000 -999.00000 -0.03660 -0.05030 -0.02629 -0.00348 
 161  0.03832 -0.33103 -999.00000 0.40111 -0.08710 0.43602 0.02416 -0.05016 
 162  0.02807 -999.00000 -999.00000 -999.00000 0.14985 0.01390 0.03693 0.01375 
 163  -0.10127 -0.10811 -999.00000 -999.00000 -0.99951 0.01900 -0.00255 0.00602 
 164  -0.11294 -0.15424 -999.00000 -0.02800 0.11875 -0.03740 0.02704 -0.02532 
 165  -0.00338 -0.21053 -999.00000 -999.00000 -0.11901 0.00622 0.01676 -0.03898 
 166  0.13818 -0.01455 -999.00000 -0.00000 -0.09664 -999.00000 0.00015 -0.07666 
 167  0.46494 -0.10172 -999.00000 0.04411 -0.03654 -0.04342 0.01146 0.00306 
 168  -0.07160 -0.05890 -999.00000 0.05773 -0.07900 -999.00000 0.00930 0.01778 
 169  -999.00000 -0.06839 -999.00000 -999.00000 0.06241 -0.03561 -0.00469 0.07216 
 170  -0.78267 -0.18375 -999.00000 -0.02921 0.01498 0.02796 0.00677 0.04121 
 171  0.07854 0.04157 -999.00000 0.04648 0.08255 -0.03018 -0.00097 0.01457 
 172  -0.09776 -0.22454 -999.00000 -999.00000 0.07374 -0.02608 0.01995 -0.07278 
 173  -0.16567 -0.22703 -999.00000 -0.00000 0.10026 -0.00193 -999.00000 -0.02512 
 174  -0.11850 -999.00000 -999.00000 -0.00289 -0.01509 -0.01076 0.08047 -0.00170 
 175  -0.10590 -0.05915 -999.00000 -999.00000 -0.02039 -0.02872 0.03434 -0.01097 
 176  -0.25536 -0.14630 -999.00000 -999.00000 -0.04395 -0.05565 0.07887 0.02556 
 177  -0.27604 0.04044 -999.00000 0.05065 -0.03143 -0.03582 0.01609 0.02356 
 178  0.10915 0.01616 -999.00000 0.04210 0.02479 -0.05433 -0.02402 -0.02299 
 179  -0.09462 -0.06494 -999.00000 -999.00000 0.07769 -0.05489 0.08908 -0.03731 
 180  -0.10000 -0.14344 -999.00000 -999.00000 -0.00887 -0.01200 0.07414 -0.05253 
 181  -0.15145 -0.24015 -999.00000 -0.05436 -0.02099 -999.00000 0.02681 0.03822 
 182  -0.00539 -0.00176 -999.00000 -999.00000 -0.01692 -0.04226 0.02011 0.01210 
 183  -0.32736 -0.18056 -999.00000 -999.00000 -0.01369 -0.02982 0.05412 0.01145 
 184  -999.00000 -0.16522 -999.00000 -0.10990 0.02653 -0.00174 -0.01435 0.02943 
 185  -0.00709 -0.00929 -999.00000 -0.05043 -1.22632 -0.07791 0.03123 -0.00201 
 186  -0.24050 -0.21902 -999.00000 -999.00000 0.02900 -0.03267 -0.00676 -0.01287 
 187  -999.00000 -999.00000 -999.00000 -0.00000 -0.01449 -0.02688 0.05459 -0.03122 
 188  -0.10819 -0.08882 -999.00000 -0.04112 -0.06617 -0.00000 0.01667 -999.00000 
 189  -0.17389 -0.07432 -999.00000 -999.00000 -0.00091 0.03318 -0.01938 -0.02048 
 190  -0.09926 -0.07475 -999.00000 -999.00000 0.03365 -0.01423 -0.90269 0.07091 
 191  -999.00000 -0.05941 -999.00000 -0.03321 -0.10256 -0.02877 -0.01132 -0.01121 
 192  -999.00000 -999.00000 -999.00000 -999.00000 -0.00909 -0.00638 0.06449 0.01320 
 193  -999.00000 -999.00000 -999.00000 -0.00000 0.01095 -0.09189 -0.03484 -999.00000 
 194  -999.00000 -999.00000 0.10670 -0.01604 -0.02480 -999.00000 0.03952 -0.06141 
 195  0.12492 -999.00000 0.03027 0.01895 -0.06833 -0.00989 0.02074 -999.00000 
 196  0.31538 -999.00000 0.07068 -999.00000 0.00282 -0.07572 0.05129 -0.07075 
 197  -999.00000 -0.09534 0.00197 -0.02332 0.02159 -0.00138 0.08392 -0.06920 
 198  0.24821 -0.02097 0.04242 -999.00000 -0.01521 -999.00000 0.00259 -0.03000 
 199  0.13128 -0.13480 0.09609 -999.00000 0.06269 -0.04171 -0.05134 -0.08324 
 200  0.18111 -0.06691 0.17845 -999.00000 -0.01857 -0.02522 -0.02356 -0.00344 
 201  0.06622 0.06463 0.11078 0.01609 0.01511 0.02418 -0.01542 -0.08427 
 202  0.11307 0.07292 0.17571 -999.00000 -0.09037 0.03487 0.07270 -0.00914 
 203  0.11550 -0.04848 0.16759 -0.00000 -0.09668 -0.01878 0.01292 -0.00413 
 204  0.07657 0.07292 0.13707 0.00963 -0.06137 -0.04709 -0.02809 -0.06766 
 205  0.09904 0.06936 0.07547 -0.04401 -0.08380 -999.00000 0.03095 -0.05622 
 206  0.08784 -0.17037 0.08281 -999.00000 0.01681 -0.03493 -0.02225 -0.02786 
 207  -0.06706 0.00483 -0.09098 -999.00000 -0.00208 -0.04667 -0.05131 0.00054 
 208  0.06603 0.00000 0.06892 0.01821 -0.02973 -0.08397 -999.00000 -0.03362 
 209  0.12369 -0.11964 -0.00980 -999.00000 0.10870 -0.02754 -0.00534 -0.09200 
 210  0.12719 -0.14561 0.17383 -999.00000 -0.02456 -0.11357 -0.04407 -0.06693 
 211  0.08735 -0.06324 0.22829 -0.05625 -0.10018 -0.05461 -0.03920 -0.04188 
 212  -0.08757 -0.04519 0.11983 0.10241 -0.10107 -999.00000 -999.00000 -0.04347 
 213  -0.05175 -0.11988 0.07343 -999.00000 1.96387 -0.05576 -0.01390 -0.01332 
 214  0.30461 -0.01514 -0.06566 -0.00000 -0.00709 0.03428 0.00773 -0.06110 
 215  -0.06362 -0.06667 -0.00565 0.05669 -0.07740 -999.00000 0.06399 0.00347 
 216  0.07072 -0.00471 -0.11268 -999.00000 -0.07702 -0.06085 -0.04609 -0.11221 
 217  -999.00000 -0.09740 -0.05996 -999.00000 -0.11058 1.66655 0.00358 0.02587 
 218  0.01586 -0.02675 0.20722 -0.07521 0.01798 -0.06159 0.01223 0.00080 
 219  0.06286 -0.03362 0.09349 -999.00000 -0.10000 -0.05057 0.04425 -0.04467 
 220  -0.19685 0.02328 -0.14901 -999.00000 0.08450 -0.09323 0.05678 0.03256 
 221  -0.01365 -0.10500 -0.07061 -0.03148 -0.10933 -0.89178 0.06221 0.00017 
 222  0.25455 -0.07989 -0.05314 -999.00000 -0.02391 -0.06111 -0.08069 -0.06517 
 223  -0.16430 0.01126 -0.21514 -999.00000 0.06628 -0.06788 -0.04469 -0.68342 
 224  0.01357 0.02415 -0.03859 -999.00000 0.05228 0.01754 -0.02518 -0.03860 
 225  -0.23607 0.04598 0.41926 -0.05430 -0.09412 -999.00000 -0.05603 -0.00496 
 226  0.02917 -0.10348 0.02816 -999.00000 -0.08672 0.44443 -0.00403 0.04016 
 227  -0.20991 -0.07783 -0.00351 -999.00000 -0.06512 -0.02239 -0.05702 -0.06495 
 228  -0.22556 -0.00688 0.00174 -0.00222 1.96250 -999.00000 -0.01935 -0.03802 
 229  0.01753 -0.05459 -0.11864 -999.00000 -0.00492 0.02317 0.05505 -0.03858 
 230  -0.16043 -0.05304 0.01106 -999.00000 0.00085 -0.04198 0.03655 -0.05355 
 231  -0.33300 0.05420 -0.14715 0.01390 0.00616 -0.07645 -0.00844 -0.02132 
 232  -0.08468 -0.05828 0.16884 -0.05000 0.00997 -0.03693 0.00555 -0.02122 
 233  -0.43939 0.05178 0.01275 -999.00000 0.03772 -0.07684 0.07731 -0.00707 
 234  -0.29784 0.06934 0.28596 -999.00000 -0.05859 0.06845 0.01450 -0.76711 
 235  -0.27443 -999.00000 0.03604 -0.01993 0.01857 -0.00759 -999.00000 -0.09297 
 236  0.10866 0.06297 -0.15174 -999.00000 0.03483 -0.05196 -0.03552 -999.00000 
 237  -0.04635 -0.04481 -0.02450 -999.00000 -0.01676 -0.03728 -0.01075 -0.05466 
 238  0.11052 0.01965 0.03535 -0.04049 -0.07143 -0.00000 -0.03350 -0.05634 
 239  -0.10418 -0.00000 0.00858 -999.00000 0.01329 -0.06275 -0.57684 0.01536 
 240  -0.18889 0.05708 -0.08062 -0.00000 -999.00000 -0.00598 -999.00000 0.06736 
 241  0.10817 -0.08877 -0.10531 -0.00391 -0.05910 -0.04255 -0.01908 0.02224 
 242  -0.02520 -0.11292 0.05202 -0.06449 0.00488 -0.05428 0.03548 -0.01603 
 243  0.06596 -0.10873 -0.01106 -999.00000 -0.01859 -0.18695 0.01164 -0.11854 
 244  -0.00000 -0.01804 0.02487 -999.00000 0.01659 -0.09417 -0.03335 -0.04356 
 245  0.09984 -0.06240 -0.06705 0.05983 0.02658 -999.00000 -999.00000 -0.35453 
 246  -999.00000 -0.04128 -0.03965 -999.00000 -0.04812 -0.02817 -0.03041 -0.01167 
 247  0.24243 -0.03838 -0.04707 -0.00000 -0.07560 -0.01898 -0.06718 -0.00451 
 248  0.11159 -0.05598 -0.00077 0.01674 -0.02152 -0.05501 -0.07735 -0.02593 
 249  0.12851 -0.08337 0.18133 -999.00000 -0.07694 -0.11765 0.01376 -0.02787 
 250  0.08021 -0.03226 -0.11201 -999.00000 -0.01389 -0.10128 -0.04856 0.04842 
 251  0.17949 -0.02222 -999.00000 -0.00000 -0.08789 -0.01594 0.00271 -0.03736 
 252  0.18936 0.03576 -0.05698 -0.00627 0.03563 -0.09452 -999.00000 -999.00000 
 253  0.12194 -0.04677 0.02105 -999.00000 0.00985 -0.03090 0.00913 0.01128 
 254  0.11955 0.03109 -0.13445 -999.00000 -0.04922 -0.01833 0.02167 -0.06538 
 255  0.09447 0.05709 0.04349 -0.02990 -0.06423 -0.04221 0.02854 -0.02192 
 256  0.13105 0.00265 0.04491 -999.00000 -0.05142 -0.04772 0.04701 0.04411 
 257  -0.24271 -0.07810 -999.00000 -999.00000 -0.07449 -999.00000 -999.00000 -999.00000 
 258  -0.20192 0.02282 -0.18516 -0.05122 -0.02992 -999.00000 -999.00000 -999.00000 
 259  -0.44211 -0.03366 0.02066 -999.00000 -0.04104 -999.00000 0.06402 -999.00000 
 260  -0.32368 -0.07164 -0.71591 -999.00000 -0.08420 -999.00000 0.00234 -999.00000 
 261  -0.43813 -0.03468 0.09358 -0.03851 0.00466 -0.11556 -0.00983 0.00000 
 262  -0.41670 -0.01456 0.01396 -999.00000 -0.00825 -0.06574 -0.04909 -0.05128 
 263  -0.30366 -0.03057 -0.00718 -999.00000 -0.00018 -999.00000 0.03134 -0.02422 
 264  -0.44498 -0.06110 -0.03684 -0.01556 -0.09161 -999.00000 0.00670 -0.04526 
 265  -0.29484 0.04279 -0.11969 0.07419 -0.06849 -0.02588 0.05111 0.02245 
 266  -0.35217 -0.08746 -0.02541 -999.00000 -0.02431 -0.02024 -0.10892 -0.01741 
 267  -0.31690 -0.05439 -0.09586 -999.00000 -0.05048 1.20000 -0.00132 -1.32551 
 268  -0.32104 -0.00525 -0.09344 0.03389 -0.00894 0.00074 0.01443 0.01181 
 269  -0.23516 -0.03684 -0.03381 -999.00000 -0.04028 -0.05457 0.05791 -0.05025 
 270  -0.37007 -0.00035 -999.00000 -999.00000 -0.03339 -0.00000 0.04114 0.03897 
 271  -999.00000 -0.03894 -0.01029 -0.03408 -0.08788 -0.00708 0.02135 0.02552 
 272  -0.44444 -0.03962 -0.11159 0.02652 0.01723 -0.04494 -0.04279 -0.04041 
 273  -0.69628 0.05249 -0.03109 -0.00000 0.00575 -999.00000 0.03929 0.04216 
 274  -0.41987 0.00202 -0.01489 -999.00000 -0.04611 0.01683 0.06595 -0.05871 
 275  -0.43832 -0.05646 -0.03860 -0.01601 0.00016 -0.07909 0.01182 0.03624 
 276  -0.52009 -0.07200 -0.01357 -999.00000 0.04876 -0.12428 0.08410 0.05131 
 277  -0.40760 -0.00289 0.09160 -999.00000 -0.06169 -999.00000 -0.77014 -0.02204 
 278  -0.45473 -0.09311 -0.07686 -0.02846 -0.00913 0.01521 0.02322 -0.02833 
 279  -0.43059 0.01831 -0.11896 -999.00000 0.00534 -0.06269 -0.04851 0.05448 
 280  -0.63593 -0.02865 0.03359 -999.00000 0.09525 -999.00000 0.02481 0.01143 
 281  -0.21435 -0.00415 -0.11950 0.02824 0.01081 -0.03296 -0.02642 0.01631 
 282  0.11716 -0.08840 0.17182 0.11799 -0.04947 -0.10637 0.00752 -0.05128 
 283  -0.40500 0.03164 -0.04224 -999.00000 -0.10739 -0.00000 -0.00391 -0.05583 
 284  -0.34987 -0.03940 -0.03210 -999.00000 -0.09141 -0.06267 0.03690 -0.05767 
 285  -0.18005 0.01318 -0.15217 0.01852 0.02067 0.02156 -0.07215 0.00604 
 286  -0.53610 -0.00312 0.05256 -0.25231 -0.00303 -0.09888 0.00544 0.03300 
 287  -0.06945 -0.03901 -0.01368 -999.00000 -0.04997 -0.00000 -0.00252 0.08214 
 288  -999.00000 -0.00792 0.01553 0.00783 0.03793 0.04306 -0.00591 0.03915 
 289  -0.38923 0.03351 -0.04821 -0.01097 0.00681 -0.05959 0.06327 0.04161 
 290  -0.86859 -0.11245 -0.12914 -999.00000 -0.02308 -999.00000 0.01289 0.07958 
 291  -0.28034 -0.04583 -0.11843 -999.00000 -0.02555 -0.02565 -0.00844 0.01006 
 292  -0.36074 0.02283 -0.05067 0.03945 -0.01354 -0.03565 0.00414 0.51020 
 293  -0.35519 -0.03853 -0.07580 -999.00000 -0.01387 -0.00000 -0.00298 0.01477 
 294  -0.46221 0.03571 -0.11255 -999.00000 -0.05053 -0.08439 -0.00063 0.03835 
 295  -0.32195 -0.02295 0.01777 0.03304 -0.02947 -0.09771 -0.83014 0.06006 
 296  -0.22234 -0.02408 -0.18429 -999.00000 -0.01022 -0.04354 0.00362 0.08422 
 297  -0.51111 -0.05626 -0.11818 -0.00000 0.03848 -999.00000 0.02580 0.01772 
 298  -0.23457 0.00802 -0.06321 0.04237 -0.02436 -0.02870 -0.10382 0.08258 
 299  -0.25190 0.00181 -0.07948 0.00214 0.00759 0.01630 0.02456 0.14282 
 300  -0.43353 0.03497 0.03902 -0.00000 0.04593 -999.00000 0.08192 0.02389 
 301  -0.51429 0.04045 0.01012 -0.06701 -0.10270 -0.09488 -0.08412 0.02134 
 302  -0.36054 -0.01695 -0.09934 -0.03594 0.02962 -0.05325 0.04199 0.04606 
 303  -0.30343 0.01222 0.00133 -999.00000 0.00858 -0.00000 0.02545 0.00450 
 304  -0.41196 0.01414 -0.02637 -0.00000 -0.05894 -0.00665 0.00081 0.03748 
 305  -0.50456 -0.06805 -0.04010 -0.07845 -999.00000 0.01806 -0.03554 0.08005 
 306  -0.33558 -0.02739 -0.01605 -999.00000 0.00308 -0.00000 0.01047 -0.04089 
 307  -0.35974 -0.04723 0.00865 -999.00000 -0.01654 -999.00000 0.00406 0.07005 
 308  -0.65016 0.00605 -0.02429 -0.06860 -0.05607 -0.07911 -0.03864 -0.01574 
 309  -0.01503 0.00568 -0.19265 0.04201 -0.05194 -0.05279 -0.03333 0.00297 
 310  -0.26246 0.02281 -0.01155 -999.00000 -0.01502 -999.00000 -0.08512 0.05012 
 311  -0.07063 -0.01227 -999.00000 -0.02544 -0.08737 0.02157 0.01489 -0.54788 
 312  -0.18544 -0.02926 -0.17672 0.06579 -0.01325 -0.01957 0.02359 0.01031 
 313  -0.03549 0.00797 0.00278 -999.00000 -0.09380 -0.00000 -0.05534 0.01207 
 314  -0.44399 -0.06493 -0.20753 -999.00000 -0.00000 -0.07487 0.09735 0.07003 
 315  0.21881 -0.03472 -999.00000 -0.05532 -0.01048 -0.05692 -0.00280 0.01755 
 316  -0.30806 0.00980 -0.01605 -999.00000 0.03926 -999.00000 0.02126 0.02898 
 317  -0.67726 -0.00830 0.01736 -999.00000 -0.02887 0.02830 0.06628 -0.00803 
 318  -0.27820 0.00527 -0.09031 -0.04349 -999.00000 -0.04074 -0.00067 0.05000 
 319  -999.00000 -0.09591 0.02458 -999.00000 0.02337 -0.10497 -0.01173 0.07474 
 320  -999.00000 -0.00154 -0.06032 -999.00000 -0.00486 -999.00000 -0.02303 -0.01001 
 321  -999.00000 -0.06203 -999.00000 -0.03953 -0.04497 -999.00000 -999.00000 0.03510 
 322  -999.00000 0.02565 0.05885 0.00720 -0.00713 -999.00000 -999.00000 0.03628 
 323  -0.34974 0.01329 -0.07512 -999.00000 -0.05030 -999.00000 0.04592 0.07337 
 324  -0.03439 -0.00195 0.08723 -999.00000 -0.06030 -999.00000 -999.00000 0.02693 
 325  -0.38333 -0.07465 0.03970 -0.02736 -0.03978 -999.00000 -0.03864 0.06996 
 326  -0.38717 -0.01280 -0.11797 -999.00000 0.00021 -999.00000 -999.00000 0.05749 
 327  -999.00000 -0.10066 -0.03967 -999.00000 -0.08642 -0.00000 -999.00000 0.00895 
 328  -0.42105 -0.02538 0.01729 0.00268 0.03033 -0.06484 0.00895 0.01213 
 329  -0.70380 -0.06588 -0.00231 -0.00487 0.00475 -0.07730 -0.06168 -0.01491 
 330  -0.35658 0.04416 0.16430 -0.00000 -0.01636 -999.00000 -0.09012 -0.00650 
 331  0.09579 -0.03313 0.04277 0.12415 -0.05685 -0.10438 -0.06407 0.06942 
 332  -0.27595 -0.06604 -0.06242 -0.13864 -0.00445 -0.05169 -0.00652 0.04200 
 333  -0.33784 0.02359 -0.02457 -999.00000 -0.06467 -999.00000 -0.04679 0.07366 
 334  -0.10452 -0.08515 -0.11458 -0.06089 -0.07428 -0.11057 -0.02604 -0.01092 
 335  -0.63761 -0.10764 -0.05455 -0.11064 -0.06316 -0.02399 -0.09683 0.00546 
 336  -2.04571 -0.01525 0.04788 -999.00000 -999.00000 -999.00000 -0.07853 0.05894 
 337  -0.70866 -0.01430 -0.05662 -999.00000 -0.06209 -999.00000 -0.04986 0.04792 
 338  -0.84211 -0.00651 -0.02587 0.09118 0.01242 -0.05542 -0.05287 0.01405 
 339  -1.12658 -0.09331 -999.00000 -999.00000 0.00009 -999.00000 0.00307 0.03633 
 340  -999.00000 -0.02993 -0.03966 -0.00000 0.01462 -999.00000 0.04158 0.07254 
 341  -999.00000 0.00293 0.05406 0.03939 -0.08300 -0.14750 -0.00861 0.07203 
 342  -999.00000 -0.01367 -0.52904 -999.00000 0.02215 -0.00000 0.06597 0.03019 
 343  -999.00000 0.03477 -0.08210 -999.00000 0.01043 -999.00000 0.04942 -0.01007 
 344  -999.00000 -999.00000 -0.00203 -999.00000 -0.00000 -0.00113 -0.00893 -999.00000 
 345  -999.00000 -0.03913 -0.54510 0.27943 -0.01046 -0.13253 0.05686 0.04277 
 346  -999.00000 0.02780 0.01228 -0.00000 0.00109 -0.00000 0.00794 -999.00000 
 347  -999.00000 -0.00084 -0.01922 -0.07987 -0.04713 0.19889 -0.03582 0.06715 
 348  -999.00000 0.03235 -0.01534 -0.05468 0.00584 -0.06084 -0.05952 0.05024 
 349  -999.00000 -0.02967 -0.07139 -999.00000 0.00633 -999.00000 0.16821 0.04940 
 350  -999.00000 -0.05495 0.01396 -999.00000 0.01527 -0.04964 -0.01181 -0.00964 
 351  -999.00000 -0.02933 -0.01304 -0.01303 0.62320 0.06834 -0.05467 0.06487 
 352  -999.00000 -0.06178 -999.00000 -999.00000 0.01216 -0.04900 -0.02332 0.06619 
 353  -999.00000 0.04227 -0.06445 -999.00000 0.06382 -999.00000 -0.14211 0.08595 
 354  -999.00000 -0.03882 0.06969 -0.10708 -0.04366 -0.00273 -0.09654 -0.00752 
 355  -999.00000 -0.01926 0.14626 -0.08783 -0.04150 -0.04070 0.08300 0.01758 
 356  -999.00000 -0.00346 0.02779 -999.00000 -0.08856 -999.00000 -0.01086 0.01176 
 357  -999.00000 -0.00969 -0.05274 -0.02723 -0.00893 -0.05322 -0.07001 0.03962 
 358  -999.00000 0.02568 -0.01529 -0.05725 0.02616 0.05374 0.03352 0.02277 
 359  -999.00000 -0.03664 -0.03383 -0.00000 -0.07372 -999.00000 0.02018 -1.04670 
 360  -999.00000 -0.03736 0.07031 -999.00000 -0.05120 -0.02507 -0.04451 0.03445 
 361  -999.00000 -0.03315 0.05088 -0.02372 0.02736 0.06448 0.05611 0.07687 
 362  -999.00000 0.00429 -999.00000 -999.00000 -0.01327 0.05386 -0.18871 0.01107 
 363  -999.00000 0.01805 0.07902 -999.00000 0.00628 -999.00000 -0.08644 -999.00000 
 364  -999.00000 0.02482 0.09427 0.02967 0.06370 -0.06103 -0.21946 0.08189 
 365  -999.00000 -0.00945 0.08790 -0.19766 0.02309 -0.01247 0.03473 -999.00000 
 366  -999.00000 -0.02005 0.17360 -999.00000 -0.04998 -999.00000 -0.07639 0.03679 
 367  -999.00000 -0.01165 0.02642 -0.06463 0.02724 -0.05977 0.12882 0.05014 
 368  -999.00000 -0.01074 -0.01861 -0.08442 0.03682 -0.02475 -0.63844 0.00252 
 369  -999.00000 -0.02290 -0.04809 -999.00000 0.05899 -999.00000 -0.00648 0.04238 
 370  -999.00000 -0.08507 0.07000 -999.00000 -0.01526 -0.10053 -0.02586 -0.00196 
 371  -999.00000 0.02876 -999.00000 -0.26222 0.00195 -0.08839 0.00557 0.04123 
 372  -999.00000 0.02566 0.03595 -999.00000 0.01304 -0.00000 -0.04171 0.06670 
 373  -999.00000 0.02162 0.05678 -999.00000 0.01308 -0.10000 -0.20076 0.07910 
 374  -999.00000 -0.07177 0.04339 -0.07500 0.06547 0.01026 -0.14693 0.00718 
 375  -999.00000 -0.06662 -999.00000 -0.00000 -999.00000 -999.00000 -0.10977 0.07312 
 376  -999.00000 0.00490 0.05136 -0.00000 0.06638 -0.00000 0.06612 0.07407 
 377  -999.00000 0.00000 0.03037 -0.74746 0.07330 -0.02169 -0.06367 0.04861 
 378  -999.00000 -0.01328 0.02742 -999.00000 -0.04182 -0.08032 -0.09132 0.03892 
 379  -999.00000 0.01761 0.02689 -999.00000 0.01541 -999.00000 -0.03137 0.08084 
 380  -999.00000 -0.01805 0.06029 -999.00000 0.01998 -0.05791 -999.00000 0.06141 
 381  -999.00000 -999.00000 0.15406 0.16449 -0.02488 -0.14247 -0.00979 0.01034 
 382  -999.00000 -0.05614 -0.01308 -999.00000 0.01527 -0.00000 -0.07954 0.01187 
 383  -999.00000 -0.06080 -0.01649 -0.00000 0.05216 -0.15488 -0.01218 0.14983 
 384  -999.00000 -0.04247 -0.03031 -999.00000 0.08798 0.00085 -0.04338 0.01512 
 385  -999.00000 -0.03317 0.10671 -999.00000 0.03274 -0.14573 -0.02489 0.10238 
 386  -999.00000 -999.00000 -999.00000 -999.00000 -999.00000 -0.00749 -999.00000 -999.00000 
 387  -999.00000 -0.01897 0.01770 -999.00000 -999.00000 0.09043 -0.10744 0.04847 
 388  -999.00000 -0.02888 -0.00934 -999.00000 -0.13404 0.08448 -0.04521 -999.00000 
 389  -999.00000 -999.00000 0.03402 -0.00000 -0.15725 -999.00000 -0.01724 0.07487 
 390  -999.00000 -0.03363 -0.01684 -999.00000 -0.15390 0.03027 0.17030 0.10112 
 391  -999.00000 -0.01972 0.05288 -999.00000 -0.03957 -0.10838 -0.08108 0.02602 
 392  -999.00000 0.00232 -999.00000 -999.00000 0.01725 -999.00000 -0.05200 0.07406 
 393  -999.00000 -0.03409 0.04450 -0.00000 -0.01131 0.11546 0.07361 -0.95030 
 394  -999.00000 -0.08711 0.11368 -999.00000 0.09402 0.00613 0.08726 0.09378 
 395  -999.00000 -0.02352 -999.00000 -999.00000 0.07077 -0.18534 -0.06423 0.07042 
 396  -999.00000 -0.01400 -0.01585 -999.00000 0.03116 -999.00000 -0.15887 0.05414 
 397  -999.00000 -0.08108 0.07603 -999.00000 0.10515 -0.04044 -0.07740 0.14859 
 398  -999.00000 -0.04214 0.03914 -999.00000 -0.04003 -0.14345 -0.06420 0.04231 
 399  -999.00000 -0.09330 -0.01504 -0.00000 0.10593 -999.00000 -0.19071 0.10167 
 400  -999.00000 -0.02776 0.08989 -999.00000 -0.06911 -999.00000 0.10931 0.07563 
 401  -999.00000 -0.03924 0.07766 -999.00000 -0.02338 -0.22123 0.06271 0.08073 
 402  -999.00000 0.01012 -999.00000 -0.00000 0.01380 -999.00000 0.15911 0.07156 
 403  -999.00000 -0.04245 0.08377 -0.00000 0.11188 0.05397 -0.16630 0.09299 
 404  -999.00000 -0.00808 -0.06165 -999.00000 0.10398 0.41449 -0.04000 0.07293 
 405  -999.00000 -0.02222 0.03456 -999.00000 0.03438 0.05547 0.03282 0.00965 
 406  -999.00000 -0.03073 0.09818 -999.00000 -0.00980 -999.00000 0.03537 0.08627 
 407  -999.00000 -0.08302 0.06908 -999.00000 0.08033 0.02292 0.25248 0.03850 
 408  -999.00000 -0.03314 -0.04504 -0.00000 -0.00616 0.33053 -0.10872 0.01038 
 409  -999.00000 0.03655 0.16139 -0.00000 -0.06154 -999.00000 0.01037 0.04765 
 410  -0.00000 -0.09766 -0.00743 -999.00000 -999.00000 0.48571 -0.34058 0.14644 
 411  -999.00000 -0.09843 0.04626 -999.00000 -0.00612 -1.76632 -0.00775 0.04402 
 412  -999.00000 -0.08655 0.06835 -999.00000 0.00652 -999.00000 0.01290 0.04049 
 413  -999.00000 -0.05159 0.05295 -999.00000 0.02452 0.02500 -0.25333 0.01119 
 414  -999.00000 -0.00439 -0.03554 -999.00000 0.36767 -0.18118 0.18727 0.03008 
 415  -999.00000 0.01893 -999.00000 -999.00000 0.00503 -999.00000 0.09307 -0.00931 
 416  -999.00000 0.01342 0.01619 -999.00000 -0.01906 -999.00000 -0.00222 0.08415 
 417  -999.00000 -0.02228 -0.03431 -999.00000 0.02514 0.14615 -999.00000 0.05606 
 418  -999.00000 -0.01541 -999.00000 -999.00000 -0.00386 -999.00000 -999.00000 0.00648 
 419  -999.00000 -0.03419 0.00935 -999.00000 0.08085 -999.00000 -999.00000 0.02979 
 420  -999.00000 -0.04172 0.00757 -999.00000 0.01482 -999.00000 -999.00000 0.01441 
 421  -999.00000 0.01704 0.01676 -999.00000 0.03952 -999.00000 -999.00000 0.11155 
 422  -999.00000 0.01666 -0.11859 -999.00000 0.37264 -999.00000 -999.00000 0.10416 
 423  -999.00000 0.01213 -0.05203 -999.00000 0.12879 -999.00000 -999.00000 0.01496 
 424  -999.00000 -0.01164 -0.01089 -999.00000 0.13586 -999.00000 -999.00000 0.08257 
 425  -999.00000 -0.03359 -999.00000 -999.00000 0.02687 -999.00000 -999.00000 0.03165 
 426  -999.00000 -0.01188 -0.08692 -999.00000 -0.02679 -999.00000 -999.00000 0.05976 
 427  -999.00000 0.01003 -0.00218 -999.00000 0.06854 -999.00000 -999.00000 0.06957 
 428  -999.00000 0.01680 0.08567 -999.00000 0.03576 -999.00000 -999.00000 0.01889 
 429  -999.00000 -0.00229 0.02255 -999.00000 0.07415 -999.00000 -999.00000 0.02383 
 430  -999.00000 -0.01083 0.08466 -999.00000 -999.00000 -999.00000 -999.00000 0.10305 
 431  -999.00000 -0.01325 -0.02707 -999.00000 0.09845 -999.00000 -999.00000 0.07500 
 432  -999.00000 -0.04925 -999.00000 -999.00000 0.09201 -999.00000 -999.00000 0.06667 
 433  -999.00000 -0.06262 0.01619 -999.00000 -999.00000 -999.00000 -999.00000 0.03636 
 434  -999.00000 0.05547 -0.01571 -999.00000 0.06728 -999.00000 -999.00000 0.05567 
 435  -999.00000 -0.03995 0.09345 -0.00000 0.07737 -999.00000 -999.00000 0.02981 
 436  -999.00000 -0.03458 -0.04014 -0.00000 0.01872 -999.00000 -999.00000 0.01803 
 437  -999.00000 -0.04730 0.05772 -999.00000 0.09611 -999.00000 -999.00000 0.05854 
 438  -999.00000 -0.04792 -0.02764 -0.00000 0.05677 -999.00000 -999.00000 0.05498 
 439  -999.00000 -0.08334 -0.01651 -999.00000 0.08313 -999.00000 -999.00000 0.06618 
 440  -999.00000 -0.02775 0.00428 -999.00000 -0.00982 -999.00000 -999.00000 0.00926 
 441  -999.00000 0.02765 -0.05177 -999.00000 -0.01277 -999.00000 -999.00000 0.01827 
 442  -999.00000 -0.05635 -0.04576 -999.00000 -0.04334 -999.00000 -999.00000 0.05172 
 443  -999.00000 0.01393 0.00455 -999.00000 0.06021 -999.00000 -999.00000 -1.08767 
 444  -999.00000 -0.03279 0.01331 -999.00000 0.08026 -999.00000 -999.00000 -0.16140 
 445  -999.00000 -0.02721 0.02607 -0.00000 0.02226 -999.00000 -999.00000 0.06066 
 446  -999.00000 -0.03732 0.03523 -0.00000 0.01582 -999.00000 -999.00000 -1.14286 
 447  -999.00000 0.00711 0.00846 -999.00000 0.06377 -0.00000 -999.00000 -999.00000 
 448  -999.00000 -0.03482 -1.08572 -999.00000 -0.01347 -999.00000 -999.00000 0.05778 
 449  -999.00000 -999.00000 -999.00000 -999.00000 -999.00000 -999.00000 -999.00000 -999.00000 
 450  -999.00000 -999.00000 0.00601 -999.00000 -999.00000 -999.00000 -999.00000 -999.00000 
 451  -999.00000 -999.00000 -999.00000 -999.00000 -999.00000 -0.00000 -0.00000 -999.00000 
 452  -999.00000 -999.00000 -999.00000 -999.00000 0.07851 -999.00000 -999.00000 -999.00000 
 453  -999.00000 0.02256 -0.05683 -0.00000 -0.03556 -999.00000 -999.00000 -999.00000 
 454  -999.00000 -0.00502 0.00042 -999.00000 0.03614 -999.00000 -999.00000 -999.00000 
 455  -999.00000 -0.00983 0.03950 -999.00000 -0.04016 -999.00000 -999.00000 -999.00000 
 456  -999.00000 0.02779 0.07785 -999.00000 -0.06740 -999.00000 -999.00000 -999.00000 
 457  -999.00000 0.04013 -0.04219 -999.00000 0.05066 -999.00000 -999.00000 -999.00000 
 458  -999.00000 0.03561 0.00141 -999.00000 0.02914 -999.00000 -999.00000 -999.00000 
 459  -999.00000 0.08609 -0.05902 -999.00000 0.02043 -999.00000 -999.00000 -999.00000 
 460  -999.00000 0.02978 -0.05617 -999.00000 -0.05031 -0.00000 -0.00000 -999.00000 
 461  -999.00000 0.01917 -0.05509 -999.00000 -0.01525 -999.00000 -0.00000 -999.00000 
 462  -999.00000 0.04029 -0.00270 -999.00000 -0.01516 -999.00000 -0.00000 -999.00000 
 463  -999.00000 0.02685 -0.08834 -999.00000 0.01767 -0.00000 -0.00000 -999.00000 
 464  -999.00000 -999.00000 0.02382 -999.00000 -999.00000 -999.00000 -999.00000 -999.00000 
 465  -999.00000 -0.00974 -999.00000 -999.00000 -0.87273 -999.00000 -999.00000 -999.00000 
 466  -999.00000 -0.09135 -0.08748 -999.00000 -0.02633 -999.00000 -999.00000 -999.00000 
 467  -999.00000 -0.01208 0.02520 -999.00000 -999.00000 -999.00000 -0.00000 -0.00000 
 468  -999.00000 -999.00000 -0.03966 -999.00000 -999.00000 -999.00000 -999.00000 -0.00000 
 469  -999.00000 0.06370 -999.00000 -999.00000 -0.08798 -999.00000 -999.00000 -0.00000 
 470  -999.00000 -0.04666 0.07482 -999.00000 -0.01204 -0.00000 -999.00000 -999.00000 
 471  -999.00000 0.00172 -0.00844 -999.00000 0.02010 -999.00000 -0.00000 -0.00000 
 472  -999.00000 0.02051 -999.00000 -999.00000 0.16181 -999.00000 1.20000 -999.00000 
 473  -999.00000 -0.01593 0.03083 -999.00000 -0.05440 -999.00000 -0.00000 -999.00000 
 474  -999.00000 0.06325 -0.03794 -999.00000 -0.06359 -999.00000 -999.00000 -999.00000 
 475  -999.00000 -999.00000 -0.01070 -999.00000 0.17124 -999.00000 -0.10000 -0.00000 
 476  -999.00000 0.05117 0.02996 -999.00000 0.34348 -999.00000 -999.00000 -0.00000 
 477  -999.00000 0.00769 -0.05413 -999.00000 -999.00000 -999.00000 -999.00000 -999.00000 
 478  -999.00000 -999.00000 0.00251 -999.00000 -999.00000 -999.00000 -999.00000 -999.00000 
 479  -999.00000 -999.00000 -0.00462 -999.00000 -999.00000 -999.00000 -999.00000 -999.00000 
 480  -999.00000 0.07748 0.02607 -999.00000 -999.00000 -0.00000 -0.00000 -999.00000 
 481  -999.00000 0.05547 -0.00310 -999.00000 -999.00000 -999.00000 -999.00000 -0.00000 
 482  -999.00000 -999.00000 -999.00000 -999.00000 -999.00000 -999.00000 -999.00000 -0.00000 
 483  -999.00000 0.02258 0.01457 -999.00000 -999.00000 -999.00000 -0.00000 -999.00000 
 484  -0.10000 -0.00954 0.01274 -999.00000 -999.00000 -999.00000 -0.00000 -0.00000 
 485  -999.00000 0.00009 -999.00000 -999.00000 -999.00000 -999.00000 -1.20000 -0.00000 
 486  -999.00000 0.01990 -0.04126 -999.00000 -999.00000 -999.00000 -0.00000 -0.00000 
 487  -999.00000 0.02041 -0.03795 -999.00000 -0.00000 -999.00000 -999.00000 -0.00000 
 488  -999.00000 0.02310 -0.03856 -999.00000 -999.00000 -999.00000 -999.00000 -0.00000 
 489  -999.00000 0.01081 -0.00829 -999.00000 -999.00000 -999.00000 -999.00000 -999.00000 
 490  -999.00000 -0.01058 -0.93112 -999.00000 -999.00000 -999.00000 -999.00000 -999.00000 
 491  -999.00000 -0.00857 -0.04256 -999.00000 -999.00000 -999.00000 -999.00000 -999.00000 
 492  -999.00000 0.02026 -0.06426 -999.00000 -999.00000 -999.00000 -0.00000 -999.00000 
 493  -999.00000 0.04378 -0.01998 -999.00000 -999.00000 -999.00000 -999.00000 -999.00000 
 494  -999.00000 -999.00000 0.00482 -0.00000 -0.00000 -0.00000 -999.00000 -999.00000 
 495  -0.00000 -0.02892 -999.00000 -999.00000 -0.00000 -0.00000 -999.00000 -999.00000 
 496  -999.00000 -999.00000 0.04012 -999.00000 -0.00000 -999.00000 -0.00000 -999.00000 
 497  -999.00000 0.04310 -0.06583 -999.00000 -999.00000 -999.00000 -0.00000 -999.00000 
 498  -999.00000 -0.02663 -999.00000 -999.00000 -999.00000 -999.00000 -999.00000 -999.00000 
 499  -999.00000 0.00136 -999.00000 -999.00000 -999.00000 -999.00000 -0.00000 -999.00000 
 500  -999.00000 -999.00000 -0.02565 -999.00000 -999.00000 1.20000 3.00000 -0.00000 
 501  -999.00000 0.01462 -999.00000 -999.00000 -0.00000 -999.00000 -999.00000 -999.00000 
 502  -999.00000 -0.00589 -999.00000 -999.00000 -0.00000 -999.00000 -0.00000 -999.00000 
 503  -999.00000 0.05003 0.01943 -999.00000 -999.00000 -0.00000 -999.00000 -0.00000 
 504  -999.00000 -0.02149 -999.00000 -999.00000 -0.00000 -0.00000 -999.00000 -999.00000 
 505  -999.00000 -0.06461 0.04909 -999.00000 -0.00000 -999.00000 -999.00000 -999.00000 
 506  -999.00000 0.04354 0.05038 -999.00000 -999.00000 -999.00000 -999.00000 -999.00000 
 507  -999.00000 0.02895 -0.04539 -999.00000 -999.00000 -999.00000 -0.00000 -999.00000 
 508  -999.00000 0.04940 -999.00000 -999.00000 -999.00000 -999.00000 -999.00000 -999.00000 
 509  -999.00000 0.02869 -0.00774 -999.00000 -999.00000 -999.00000 -999.00000 -0.00000 
 510  -999.00000 0.05415 -0.09550 -999.00000 -999.00000 -999.00000 -999.00000 -0.00000 
 511  -999.00000 0.05390 -999.00000 -999.00000 -999.00000 -999.00000 -999.00000 -999.00000 
 512  -999.00000 -0.13115 -999.00000 -999.00000 -999.00000 -999.00000 -999.00000 -999.00000 
