 1  -999.00000 -999.00000 -999.00000 -999.00000 -999.00000 -999.00000 -999.00000 -999.00000 
 2  -0.00433 -999.00000 -999.00000 -999.00000 -999.00000 -999.00000 -0.00000 -999.00000 
 3  0.00354 -999.00000 -999.00000 -0.00000 -999.00000 -999.00000 -0.00000 -999.00000 
 4  -0.00122 -999.00000 -999.00000 -999.00000 -999.00000 -999.00000 -999.00000 -0.00000 
 5  -999.00000 -999.00000 -0.00000 -999.00000 -999.00000 -999.00000 -999.00000 -999.00000 
 6  0.00007 -999.00000 -999.00000 -999.00000 -999.00000 -999.00000 -999.00000 -999.00000 
 7  0.00247 -999.00000 -999.00000 -999.00000 -999.00000 -999.00000 -999.00000 -999.00000 
 8  0.00033 -999.00000 -999.00000 -999.00000 -999.00000 -999.00000 -0.00000 -0.00000 
 9  0.01002 -0.00000 -999.00000 -999.00000 -999.00000 -999.00000 -0.00000 -999.00000 
 10  0.00553 -0.00000 -999.00000 -999.00000 -999.00000 -999.00000 -0.00000 -999.00000 
 11  -999.00000 -999.00000 -999.00000 -0.00000 -999.00000 -999.00000 -0.00000 -999.00000 
 12  -999.00000 -999.00000 -999.00000 -0.00580 -999.00000 -0.00000 -0.00000 -999.00000 
 13  -0.00352 -999.00000 -999.00000 0.00000 -999.00000 -0.00000 -0.00000 -999.00000 
 14  -0.00085 -999.00000 -999.00000 -999.00000 -999.00000 -999.00000 -999.00000 -999.00000 
 15  -999.00000 -999.00000 -0.00000 -0.00215 -999.00000 -999.00000 -999.00000 -0.00000 
 16  0.00130 -999.00000 -999.00000 0.01079 -999.00000 -999.00000 -999.00000 -999.00000 
 17  0.00247 -999.00000 -999.00000 -999.00000 -0.00000 -999.00000 -999.00000 -999.00000 
 18  -0.00470 -999.00000 -999.00000 -999.00000 -999.00000 -999.00000 -999.00000 -0.00000 
 19  0.00149 -999.00000 -999.00000 0.00367 -0.00000 -999.00000 -999.00000 -0.00000 
 20  -0.00036 -999.00000 -999.00000 -0.00217 -0.00000 -999.00000 -0.00000 -0.00000 
 21  -0.01185 -999.00000 -999.00000 -999.00000 -999.00000 -999.00000 -999.00000 -0.00000 
 22  -0.00754 -999.00000 -999.00000 0.00026 -999.00000 -0.00000 -999.00000 -999.00000 
 23  0.00111 -999.00000 -999.00000 0.00274 -999.00000 -999.00000 -999.00000 -0.00000 
 24  0.00185 -999.00000 -999.00000 -999.00000 -999.00000 -999.00000 -999.00000 -0.00000 
 25  0.00099 -999.00000 -999.00000 -999.00000 -999.00000 -0.00000 -999.00000 -999.00000 
 26  -999.00000 -999.00000 -999.00000 0.00650 -0.00000 -999.00000 -0.00000 -999.00000 
 27  0.00319 -999.00000 -999.00000 -999.00000 -999.00000 -0.00000 -0.00000 -999.00000 
 28  -0.00181 -999.00000 -999.00000 -999.00000 -0.00000 -999.00000 -999.00000 -999.00000 
 29  -0.00135 -999.00000 -999.00000 -0.00000 -999.00000 -999.00000 -999.00000 -999.00000 
 30  0.00550 -999.00000 -999.00000 -0.00063 -999.00000 -0.00000 -999.00000 -0.00000 
 31  0.00006 -999.00000 -999.00000 -999.00000 -999.00000 -0.00000 -999.00000 -0.00000 
 32  -999.00000 -999.00000 -999.00000 -999.00000 -999.00000 -0.00000 -0.00000 -999.00000 
 33  0.00507 -999.00000 -999.00000 -0.00330 -0.00000 -999.00000 -0.00000 -0.00000 
 34  0.00171 -999.00000 -999.00000 -999.00000 -999.00000 -0.00000 -0.00000 -0.00000 
 35  -0.00239 -0.00000 -999.00000 -999.00000 -999.00000 -0.00000 -0.00000 -999.00000 
 36  0.00015 -999.00000 -999.00000 -0.00283 -999.00000 -0.00000 -999.00000 -0.00000 
 37  -0.00271 -999.00000 -999.00000 -0.00313 -0.00000 -0.00000 -0.00000 -0.00000 
 38  -999.00000 -999.00000 -999.00000 -999.00000 -0.00000 -999.00000 -0.00000 -0.00000 
 39  -0.00406 -999.00000 -999.00000 -0.00022 -0.00000 -999.00000 -0.00000 -0.00000 
 40  -0.00969 -999.00000 -999.00000 -0.00000 -0.00000 -999.00000 -999.00000 -0.00000 
 41  -0.00821 -999.00000 -999.00000 -0.00000 -999.00000 -999.00000 -999.00000 -0.00000 
 42  0.00027 -999.00000 -999.00000 -999.00000 -999.00000 -0.00000 -999.00000 -0.00000 
 43  0.00345 -999.00000 -999.00000 0.00056 -999.00000 -999.00000 -0.00000 -999.00000 
 44  0.00085 -999.00000 -999.00000 0.00303 -0.06667 -999.00000 -999.00000 -0.00000 
 45  -0.00000 -999.00000 -999.00000 -999.00000 -999.00000 -999.00000 -0.00000 -0.00000 
 46  -0.00119 -999.00000 -999.00000 -0.00016 -999.00000 -999.00000 -0.00000 -999.00000 
 47  -0.00453 -999.00000 -999.00000 -999.00000 -999.00000 -999.00000 -999.00000 -999.00000 
 48  -0.00008 -999.00000 -999.00000 -999.00000 -999.00000 -999.00000 -999.00000 -999.00000 
 49  -0.00032 -0.00000 -999.00000 0.00457 -999.00000 -0.00000 -999.00000 -999.00000 
 50  -0.00387 -0.00000 -999.00000 0.00832 -999.00000 -999.00000 -999.00000 -0.00000 
 51  0.00140 -0.00000 -999.00000 -999.00000 -999.00000 -999.00000 -999.00000 -999.00000 
 52  0.00132 -999.00000 -999.00000 -999.00000 -999.00000 -999.00000 -999.00000 -999.00000 
 53  0.00047 -999.00000 -999.00000 0.00509 -999.00000 -999.00000 -999.00000 -999.00000 
 54  -0.00036 -999.00000 -999.00000 0.00430 -999.00000 -0.00308 -999.00000 -999.00000 
 55  -999.00000 -999.00000 -999.00000 -0.00536 -999.00000 -999.00000 -999.00000 -999.00000 
 56  -0.00345 -999.00000 -999.00000 0.00392 -999.00000 -0.00588 -999.00000 -999.00000 
 57  0.00105 -999.00000 -999.00000 0.00345 -999.00000 -0.00000 -0.00000 -999.00000 
 58  -999.00000 -999.00000 -999.00000 -0.00000 -999.00000 -999.00000 0.00000 -999.00000 
 59  -0.00029 -999.00000 -999.00000 -999.00000 -999.00000 0.00160 -0.00455 -999.00000 
 60  0.00157 -999.00000 -999.00000 0.00561 -999.00000 -0.00000 -0.00333 -999.00000 
 61  0.00017 -999.00000 -999.00000 -999.00000 -999.00000 -0.00000 -0.00135 -999.00000 
 62  0.00000 -999.00000 -999.00000 -999.00000 -999.00000 0.01116 -0.00585 -999.00000 
 63  -999.00000 -999.00000 -999.00000 -0.00032 -999.00000 -0.00091 -0.00000 -999.00000 
 64  0.00031 -999.00000 -999.00000 -999.00000 -999.00000 -0.00075 0.00744 -999.00000 
 65  -999.00000 -999.00000 -999.00000 -999.00000 -999.00000 0.00236 -0.00383 -999.00000 
 66  -999.00000 -999.00000 -999.00000 -999.00000 -999.00000 0.00235 -999.00000 -999.00000 
 67  -999.00000 -999.00000 -999.00000 -0.00091 -999.00000 0.00164 -0.00000 -999.00000 
 68  -999.00000 -999.00000 -999.00000 -999.00000 -999.00000 -0.00104 0.00057 -999.00000 
 69  0.00037 -999.00000 -999.00000 -999.00000 -0.00000 0.00695 0.00095 -999.00000 
 70  -0.00558 -999.00000 -999.00000 -0.00000 -0.00000 0.00044 0.00090 -999.00000 
 71  0.00370 -999.00000 -0.10000 -999.00000 -999.00000 -0.00035 0.00109 -999.00000 
 72  0.00064 -999.00000 -0.00000 -999.00000 -999.00000 0.00209 0.00037 -999.00000 
 73  0.00406 -999.00000 -999.00000 0.00066 -999.00000 0.00000 0.00267 -999.00000 
 74  0.00442 -999.00000 -999.00000 -999.00000 -999.00000 0.00676 -0.00261 -999.00000 
 75  0.00584 -999.00000 -999.00000 -999.00000 -999.00000 0.00070 -0.00291 -999.00000 
 76  -0.00017 -999.00000 -999.00000 -999.00000 -999.00000 -0.00123 0.00605 -999.00000 
 77  -0.00611 -999.00000 -999.00000 0.00011 -999.00000 -0.00404 0.00030 -999.00000 
 78  0.00552 -999.00000 -999.00000 -999.00000 -999.00000 -0.00171 -0.00168 -999.00000 
 79  -0.00017 -999.00000 -999.00000 -999.00000 -999.00000 0.00670 0.00427 -999.00000 
 80  0.00888 -999.00000 -999.00000 -0.00046 -999.00000 0.00092 0.00027 -999.00000 
 81  -0.00022 -999.00000 -999.00000 -999.00000 -999.00000 0.00028 -0.00247 -999.00000 
 82  -0.03836 -999.00000 -999.00000 -999.00000 -999.00000 0.00300 -0.00342 -999.00000 
 83  -0.00712 -999.00000 -999.00000 0.00035 -999.00000 0.00064 0.00054 -999.00000 
 84  0.00379 -999.00000 -999.00000 -0.00041 -999.00000 0.00052 -0.00125 -999.00000 
 85  0.00283 -999.00000 -999.00000 -999.00000 -999.00000 0.00064 0.00000 -999.00000 
 86  -0.04655 -999.00000 -999.00000 -999.00000 -999.00000 0.00024 0.00042 -999.00000 
 87  -0.00618 -999.00000 -999.00000 -0.00025 -999.00000 -0.00341 -0.03190 -999.00000 
 88  -0.00058 -999.00000 -999.00000 -999.00000 -999.00000 0.00086 0.00057 -0.00000 
 89  0.00563 -999.00000 -999.00000 -999.00000 -999.00000 0.00065 -0.00303 -0.00333 
 90  -0.08029 -999.00000 -999.00000 0.00066 -999.00000 -0.00329 0.01452 -0.00845 
 91  -0.00095 -999.00000 -999.00000 -999.00000 -999.00000 -0.01047 0.00620 0.00225 
 92  0.00755 -999.00000 -999.00000 -999.00000 -999.00000 -0.00080 0.00275 -0.00000 
 93  -0.00115 -999.00000 -999.00000 -999.00000 -999.00000 -0.00779 -0.00000 -999.00000 
 94  -999.00000 -999.00000 -999.00000 -0.00222 -999.00000 -0.00037 -0.01475 -0.00000 
 95  -0.00446 -999.00000 -999.00000 -999.00000 -999.00000 -0.00051 0.00144 -0.00000 
 96  0.00528 -999.00000 -999.00000 -999.00000 -999.00000 -0.00929 0.00711 -0.00308 
 97  -0.00265 -999.00000 -999.00000 -0.00031 -999.00000 0.00054 0.00358 -999.00000 
 98  0.00297 -999.00000 -999.00000 -999.00000 -999.00000 -0.00142 0.00000 0.00217 
 99  0.00066 -999.00000 -999.00000 -999.00000 -999.00000 0.00127 0.00126 0.00684 
 100  0.00056 -999.00000 -999.00000 0.02068 -999.00000 0.00637 0.00380 -999.00000 
 101  0.00018 -999.00000 -999.00000 -999.00000 -999.00000 -0.00000 0.00429 0.00000 
 102  -0.01349 -999.00000 -999.00000 -999.00000 -999.00000 -0.00000 -0.00248 0.00694 
 103  0.00036 -999.00000 -999.00000 -999.00000 -999.00000 -0.00418 0.01727 -0.00150 
 104  0.00676 -999.00000 -999.00000 -0.00033 -999.00000 -0.00160 0.00852 -0.00247 
 105  -999.00000 -999.00000 -999.00000 -999.00000 -999.00000 -0.00187 -0.00065 0.00452 
 106  0.01080 -999.00000 -999.00000 -999.00000 -999.00000 -0.00150 0.00207 -0.00104 
 107  0.00410 -999.00000 -999.00000 0.00779 -999.00000 -0.00000 -0.00712 -0.00100 
 108  0.02308 -999.00000 -999.00000 -999.00000 -999.00000 -999.00000 -0.00276 -0.00498 
 109  0.00799 -999.00000 -999.00000 -999.00000 -999.00000 0.00633 -0.00200 -999.00000 
 110  -0.00026 -999.00000 -999.00000 -999.00000 -999.00000 -0.00220 0.00124 -0.00196 
 111  0.00656 -999.00000 -999.00000 -0.00071 -999.00000 0.00059 0.00235 0.00102 
 112  -0.03498 -0.00000 -999.00000 -999.00000 -999.00000 0.00041 -0.00680 -0.00000 
 113  -0.01483 -0.00000 -999.00000 -999.00000 -999.00000 0.00727 -0.01051 0.01070 
 114  -0.03495 -0.00000 -999.00000 -0.03084 -999.00000 0.00048 0.00230 0.00152 
 115  0.00093 -999.00000 -999.00000 -999.00000 -0.00937 -0.00905 -0.00010 -0.00494 
 116  0.00157 -999.00000 -999.00000 -0.00000 -999.00000 0.00020 -0.00148 -0.00667 
 117  -0.00028 -999.00000 -999.00000 -0.00029 -999.00000 -0.01109 -0.00327 -0.00753 
 118  0.00103 -999.00000 -999.00000 -999.00000 -999.00000 -999.00000 -0.00094 -0.00935 
 119  0.00061 -999.00000 -999.00000 -999.00000 -999.00000 -0.00092 0.00063 0.00000 
 120  0.00000 -999.00000 -999.00000 -999.00000 -0.00000 0.00130 -0.00206 0.00257 
 121  -0.00000 -999.00000 -999.00000 -0.00216 -0.00227 -0.00000 0.00270 0.00240 
 122  0.00000 -999.00000 -999.00000 -999.00000 0.00000 -0.00066 -0.00109 -0.00956 
 123  0.00690 -999.00000 -0.00000 -999.00000 -0.00000 0.00153 0.00094 -0.00997 
 124  0.00245 -999.00000 -999.00000 -0.01594 0.00992 -0.00039 0.00000 0.00124 
 125  -0.00074 -999.00000 -999.00000 -999.00000 -0.00000 0.00092 -0.00019 0.01246 
 126  -0.00311 -999.00000 -999.00000 -999.00000 -0.00000 0.00068 0.00025 -0.00299 
 127  -999.00000 -999.00000 -999.00000 0.00008 -0.00375 -0.00013 0.00009 -0.00195 
 128  -999.00000 -999.00000 -999.00000 -0.00354 -999.00000 -0.00106 0.00352 0.00118 
 129  -999.00000 -999.00000 -999.00000 -0.00000 -0.03133 -999.00000 0.00135 -999.00000 
 130  -999.00000 -999.00000 -999.00000 -0.00114 0.00240 0.00105 0.00222 -999.00000 
 131  -0.00026 -999.00000 -999.00000 -0.00335 -999.00000 -999.00000 -0.00000 -999.00000 
 132  -0.00012 -999.00000 -999.00000 -999.00000 0.00215 -0.00010 0.00111 -999.00000 
 133  -0.00210 -999.00000 -999.00000 -0.00000 -999.00000 0.00195 0.00099 0.00000 
 134  -999.00000 -999.00000 -999.00000 0.00446 -999.00000 0.00240 0.00032 -0.00477 
 135  -0.00022 -999.00000 -999.00000 -999.00000 -999.00000 -0.00039 -0.00127 -0.00099 
 136  -0.00090 -999.00000 -999.00000 -0.00000 -0.00472 -0.00073 0.00025 -999.00000 
 137  -0.01930 -999.00000 -999.00000 -0.00160 -0.01231 0.00128 0.00095 -0.00952 
 138  -0.00011 -999.00000 -999.00000 -0.00233 -999.00000 -0.00373 -0.00551 0.00114 
 139  -0.15912 -999.00000 -999.00000 -999.00000 -999.00000 -0.01181 -0.00316 -0.00188 
 140  0.01849 -999.00000 -999.00000 -999.00000 0.00171 0.00182 0.00016 -0.00694 
 141  0.00804 -999.00000 -999.00000 -0.00262 -0.02535 -0.00119 0.00854 -0.00433 
 142  0.00042 -999.00000 -999.00000 -999.00000 -0.00336 0.00057 0.00210 -0.00047 
 143  -0.00045 -999.00000 -999.00000 -0.00000 0.00084 0.01001 0.00035 -0.01000 
 144  -0.00201 -999.00000 -999.00000 0.00692 -0.00317 0.00710 -0.00285 0.00969 
 145  0.00039 -999.00000 -999.00000 -999.00000 0.00077 -0.00066 -0.00156 -0.00304 
 146  0.00185 -999.00000 -999.00000 -999.00000 0.00493 -999.00000 -0.00073 0.00173 
 147  0.00258 -999.00000 -999.00000 0.00034 0.00723 0.00084 -0.00196 0.00043 
 148  0.00056 -999.00000 -999.00000 0.00560 -999.00000 -999.00000 0.01149 -0.00119 
 149  -0.04161 -0.00000 -999.00000 -999.00000 0.00853 -0.00000 -0.00059 0.00074 
 150  -0.00896 -999.00000 -999.00000 0.00284 0.02431 0.00027 0.00058 0.00037 
 151  0.00081 -999.00000 -999.00000 -0.00145 0.00625 -0.00073 0.00017 -0.00304 
 152  -0.00683 -0.00000 -999.00000 -999.00000 0.00061 0.00013 -0.00030 -0.00263 
 153  -0.00454 -0.00455 -999.00000 -999.00000 -0.00233 0.00454 -0.00639 -0.00089 
 154  -0.00310 -999.00000 -999.00000 0.00554 -0.02667 -0.00289 -0.00365 0.00318 
 155  0.00401 -0.00857 -999.00000 -999.00000 -0.01333 -0.00633 0.00204 -0.00000 
 156  0.00073 -999.00000 -999.00000 -999.00000 -0.00545 -0.00074 -0.00985 0.00245 
 157  0.00252 -999.00000 -999.00000 -0.01102 -0.03209 0.00242 0.00081 -0.00285 
 158  -0.01527 -0.01163 -999.00000 -0.00303 -0.00000 -999.00000 0.00015 -0.00753 
 159  0.00016 -0.00000 -999.00000 -999.00000 0.01767 -0.00032 0.00327 -0.00063 
 160  -999.00000 0.01087 -999.00000 -999.00000 -0.00000 -0.00569 -0.00432 -0.00174 
 161  0.00614 -0.00225 -999.00000 0.00378 0.00751 0.00984 0.00292 0.00157 
 162  0.01114 -999.00000 -999.00000 -999.00000 -0.00058 0.00055 0.00249 0.00060 
 163  -0.00724 0.00000 -999.00000 -999.00000 0.00744 0.00129 0.00137 0.00030 
 164  -0.00298 -0.00168 -999.00000 -0.00845 -0.00622 -0.00448 0.00175 0.00449 
 165  -0.00338 -0.00000 -999.00000 -999.00000 0.00743 0.00162 -0.00172 -0.00000 
 166  -0.00389 -0.01455 -999.00000 -0.00000 -0.00308 -999.00000 0.00015 -0.00126 
 167  0.02298 0.00345 -999.00000 0.00069 0.00337 0.00248 0.00197 0.00306 
 168  0.00279 -0.00137 -999.00000 0.00193 0.01003 -999.00000 0.00272 -0.00000 
 169  -999.00000 -0.00000 -999.00000 -999.00000 -0.00393 -0.00151 0.00008 0.00509 
 170  -0.39160 -0.00248 -999.00000 0.00000 0.01401 -0.00038 0.00591 -0.00275 
 171  -0.00668 -0.00225 -999.00000 -0.00014 -0.00000 -0.00000 0.00141 -0.00056 
 172  -0.00116 0.00000 -999.00000 -999.00000 0.00252 0.00332 0.01138 -0.00360 
 173  -0.00625 0.00108 -999.00000 -0.00000 -0.02152 0.00426 -999.00000 0.00062 
 174  0.00071 -999.00000 -999.00000 0.00231 -0.02168 0.00448 0.00095 -0.00057 
 175  -0.00744 -0.00188 -999.00000 -999.00000 0.00435 -0.00038 0.00058 -0.00690 
 176  -0.00216 -0.00275 -999.00000 -999.00000 0.00099 0.00901 0.00079 0.00730 
 177  0.00298 0.00109 -999.00000 -0.00220 0.01469 -0.00106 -0.00146 0.00134 
 178  0.00288 -0.00000 -999.00000 0.00000 0.00168 -0.00071 -0.00178 -0.00080 
 179  0.00472 -0.00345 -999.00000 -999.00000 -0.00677 0.00099 0.00100 -0.00181 
 180  -0.01291 0.00082 -999.00000 -999.00000 -0.00202 0.00413 0.00176 -0.00140 
 181  -0.00579 0.00361 -999.00000 -0.00169 0.00082 -999.00000 0.00369 0.00654 
 182  0.00039 0.00088 -999.00000 -999.00000 0.00034 0.00035 -0.00030 0.00253 
 183  -0.00026 0.00370 -999.00000 -999.00000 0.00076 0.00015 0.00095 -0.00102 
 184  -999.00000 -0.00474 -999.00000 0.00072 0.00000 0.00781 -0.00062 -0.00079 
 185  0.00180 -0.00000 -999.00000 0.00029 -0.02732 0.00246 0.00746 0.00111 
 186  -0.00431 -0.00260 -999.00000 -999.00000 0.00066 0.00307 -0.00787 -0.00022 
 187  -999.00000 -999.00000 -999.00000 -0.00000 0.00145 -0.00705 0.00238 -0.00141 
 188  -0.00219 0.00120 -999.00000 0.00241 -0.00037 -0.00000 0.00091 -999.00000 
 189  -0.00379 -0.00269 -999.00000 -999.00000 -0.00061 -0.00107 -0.00248 0.00321 
 190  -0.00278 0.00269 -999.00000 -999.00000 -0.00032 -0.00176 0.01035 0.00045 
 191  -999.00000 -0.00000 -999.00000 -0.00022 -0.00476 -0.00027 -0.00020 -0.00046 
 192  -999.00000 -999.00000 -999.00000 -999.00000 -0.00067 0.00117 -0.00008 0.00320 
 193  -999.00000 -999.00000 -999.00000 -0.00000 0.00474 -0.00167 0.00099 -999.00000 
 194  -999.00000 -999.00000 0.00185 0.00144 0.00039 -999.00000 -0.00217 0.00384 
 195  -0.00319 -999.00000 0.00759 0.00018 -0.00423 0.00128 -0.00242 -999.00000 
 196  -0.00000 -999.00000 0.00401 -999.00000 -0.00031 0.00323 0.00037 0.00034 
 197  -999.00000 -0.00214 -0.00049 0.00022 -0.00465 -0.00000 -0.00063 0.00018 
 198  -0.00103 0.00524 -0.00000 -999.00000 -0.00000 -999.00000 0.00008 -0.00111 
 199  0.00072 -0.00291 0.00446 -999.00000 0.00153 -0.00181 -0.00322 -0.00181 
 200  -0.00097 -0.00662 0.00387 -999.00000 -0.00695 0.00000 -0.00030 -0.00452 
 201  -0.00023 -0.00349 0.00196 0.00092 -0.00164 -0.00668 0.00017 -0.00059 
 202  0.00023 0.00289 -0.00000 -999.00000 0.00442 -0.00095 -0.00105 0.00486 
 203  0.00170 0.00379 -0.00152 -0.00000 -0.00000 0.00086 -0.00125 0.00472 
 204  -0.00038 -0.00069 -0.00097 0.00113 0.00246 -0.00431 0.00096 -0.00186 
 205  -0.00673 -0.00067 -0.00108 -0.00143 0.00592 -999.00000 0.00028 -0.00096 
 206  0.00174 -0.00734 -0.00000 -999.00000 0.00665 -0.00367 0.00134 0.00037 
 207  0.00000 0.00483 -0.00000 -999.00000 -0.00208 0.00263 -0.01026 0.00054 
 208  0.00109 0.00000 -0.00085 -0.00243 0.00060 -0.00197 -999.00000 -0.00124 
 209  -0.00324 0.00182 -0.00431 -999.00000 -0.00142 0.01121 -0.00272 -0.00144 
 210  0.00382 0.00113 0.01481 -999.00000 -0.00096 0.00125 -0.00628 -0.00094 
 211  0.00330 0.00361 -0.00049 -0.00491 -0.00000 0.00012 0.00276 -0.00202 
 212  -0.00094 0.00364 -0.00122 -0.02004 -0.00030 -999.00000 -999.00000 -0.00152 
 213  0.00076 0.00118 -0.00730 -999.00000 -0.00055 -0.00673 0.00215 -0.00020 
 214  0.00271 -0.00162 -0.00216 -0.00000 -0.00000 -0.00399 -0.00098 -0.00600 
 215  0.00134 0.00062 -0.01991 0.00112 -0.00062 -999.00000 -0.00821 -0.00063 
 216  0.00050 -0.00000 -0.00207 -999.00000 -0.00032 -0.00250 -0.00081 -0.00061 
 217  -999.00000 -0.00149 -0.01896 -999.00000 0.00000 0.01360 -0.00011 -0.00108 
 218  -0.00178 0.00061 0.03188 0.01792 0.00063 -0.00927 -0.00437 0.00080 
 219  0.01342 -0.00399 0.00237 -999.00000 0.00150 -0.00323 0.00149 0.01118 
 220  -0.00792 0.00239 -0.01475 -999.00000 0.00227 0.00167 -0.00799 -0.00253 
 221  0.00083 0.00771 -0.00034 -0.00015 0.00651 0.00858 -0.00247 0.00017 
 222  0.00427 0.00211 -0.00282 -999.00000 0.00591 -0.00139 0.00055 -0.00166 
 223  0.00021 0.00429 -0.01394 -999.00000 -0.00029 0.00017 0.00168 -0.01907 
 224  -0.00100 0.00248 -0.01206 -999.00000 -0.00059 -0.00142 0.00065 -0.00264 
 225  0.00023 0.00115 0.02913 0.00324 -0.00112 -999.00000 -0.00172 -0.00028 
 226  -0.00089 0.00498 0.00287 -999.00000 -0.00259 0.02053 0.00030 -0.00566 
 227  -0.00410 0.00409 0.00070 -999.00000 0.00025 -0.00108 0.00260 -0.00098 
 228  -0.00022 -0.00000 0.00070 -0.00000 0.03241 -999.00000 -0.00000 0.00033 
 229  0.00265 -0.00184 -0.01036 -999.00000 0.00026 -0.00829 0.00155 0.00586 
 230  0.00256 -0.01475 0.00063 -999.00000 0.00085 -0.00056 0.00595 0.00013 
 231  -0.01934 -0.00335 -0.00171 0.00122 -0.00047 0.00050 -0.00233 -0.00000 
 232  0.00149 0.00245 -0.00284 -0.00000 -0.00026 -0.00125 -0.00145 -0.00088 
 233  -0.01892 0.00304 -0.00073 -999.00000 -0.00347 0.00141 0.00666 -0.00058 
 234  -0.00553 0.00172 0.04082 -999.00000 0.00000 0.00750 -0.00266 -0.00469 
 235  -0.01366 -999.00000 0.00032 -0.00017 -0.00544 0.00000 -999.00000 -0.00076 
 236  0.00079 -0.00000 0.00376 -999.00000 0.00082 -0.00067 0.00043 -999.00000 
 237  0.00026 0.00141 -0.01538 -999.00000 0.00027 0.00442 -0.00000 -0.00142 
 238  0.00000 -0.00044 0.00769 -0.00046 0.00023 -0.00000 -0.00038 -0.00157 
 239  -0.00189 -0.00000 0.00028 -999.00000 -0.00862 -0.00048 -0.01650 0.00063 
 240  -0.00428 -0.00387 0.00093 -0.00000 -999.00000 0.00165 -999.00000 0.01354 
 241  0.00082 -0.00000 -0.01030 -0.00391 0.00224 0.00021 0.00302 -0.00153 
 242  -0.00131 -0.00124 -0.00389 -0.00093 0.00785 -0.00132 -0.00033 -0.00124 
 243  0.00317 -0.00119 0.00239 -999.00000 -0.00000 -0.00499 -0.00102 -0.00011 
 244  -0.00000 0.00481 -0.00103 -999.00000 -0.00207 0.00081 0.00128 -0.00162 
 245  0.00063 -0.00165 0.00230 0.00211 0.00109 -999.00000 -999.00000 0.02760 
 246  -999.00000 0.00080 -0.00378 -999.00000 -0.00211 -0.00013 -0.00442 0.00121 
 247  0.00035 0.00081 -0.01029 -0.00000 0.00046 0.01501 0.00078 0.00025 
 248  -0.00000 -0.00043 -0.00077 0.00044 -0.00196 -0.00041 0.00441 -0.00522 
 249  -0.00175 0.00000 -0.00162 -999.00000 0.00942 -0.00247 -0.00293 -0.00036 
 250  -0.00281 -0.00402 -0.03310 -999.00000 0.01032 -0.00091 -0.00078 0.00316 
 251  -0.00659 -0.00109 -999.00000 -0.00000 -0.00023 -0.00087 -0.00037 -0.00494 
 252  0.00213 -0.00626 0.00505 0.00146 0.00322 0.00033 -999.00000 -999.00000 
 253  0.00117 0.00668 -0.00031 -999.00000 -0.00047 -0.00153 0.00144 0.00000 
 254  -0.00454 0.00192 -0.02127 -999.00000 0.00134 0.00076 0.00012 -0.00337 
 255  -0.00101 -0.00035 -0.00055 -0.00197 0.00341 -0.00275 0.00131 0.00064 
 256  -0.00171 0.00151 0.00346 -999.00000 0.00306 -0.00091 -0.00103 -0.00474 
 257  -0.02783 0.00152 -999.00000 -999.00000 0.00071 -999.00000 -999.00000 -999.00000 
 258  -0.03245 0.00500 -0.00698 0.00014 0.00058 -999.00000 -999.00000 -999.00000 
 259  -0.04496 0.00665 -0.00128 -999.00000 -0.00000 -999.00000 0.00287 -999.00000 
 260  -0.02652 0.00166 -0.02174 -999.00000 0.00096 -999.00000 0.00346 -999.00000 
 261  -0.07478 0.00168 0.01095 -0.00098 -0.00017 0.00019 -0.00013 0.00000 
 262  -0.05723 -0.00038 -0.00203 -999.00000 0.00572 -0.00641 0.00012 0.00200 
 263  -0.06230 0.00037 -0.00093 -999.00000 -0.00018 -999.00000 -0.00110 -0.00042 
 264  -0.02628 0.00063 -0.00743 -0.00000 -0.00017 -999.00000 -0.00134 0.00257 
 265  -0.03375 -0.00030 0.00502 -0.00485 0.00208 0.00016 0.00097 0.00103 
 266  -0.07155 -0.00032 -0.00164 -999.00000 0.00341 -0.00201 -0.00068 -0.00067 
 267  -0.00403 -0.00028 -0.02313 -999.00000 -0.00043 -0.00000 0.00060 0.00662 
 268  -0.04571 -0.00131 -0.02555 0.00059 -0.00894 0.00018 0.00186 0.00028 
 269  -0.00332 -0.00687 0.00020 -999.00000 0.00039 0.00111 0.00236 0.00126 
 270  -0.04745 0.00035 -999.00000 -999.00000 -0.00068 -0.00000 -0.00271 0.00025 
 271  -999.00000 -0.00062 0.00514 0.00062 0.00142 0.00612 -0.00303 0.00254 
 272  -0.03867 -0.00064 -0.00931 0.00124 0.00028 -0.00131 -0.00221 0.01211 
 273  -0.05495 -0.00103 0.00020 -0.00000 0.00000 -999.00000 0.00209 -0.01023 
 274  -0.06132 0.00029 -0.00000 -999.00000 0.00287 0.00088 -0.00089 0.00060 
 275  -0.08889 0.00671 -0.00000 -0.00034 0.00016 -0.00059 0.00043 0.00038 
 276  -0.02468 -0.00024 0.00020 -999.00000 -0.00223 -0.00040 0.00699 -0.00101 
 277  -0.03476 0.00458 0.01253 -999.00000 -0.00018 -999.00000 -0.01430 0.00049 
 278  -0.03573 0.00104 -0.00020 0.00078 -0.00050 -0.00209 -0.00207 0.00042 
 279  -0.10361 0.00000 -0.00672 -999.00000 -0.00340 0.00065 -0.00013 0.00088 
 280  -0.08644 -0.00312 0.00684 -999.00000 0.00340 -999.00000 0.00167 -0.00880 
 281  -0.00820 0.00530 -0.01073 0.00084 0.00032 -0.00737 -0.00158 0.01259 
 282  -0.00695 -0.00300 0.00020 0.00240 -0.00348 0.00249 0.00041 -0.00590 
 283  -0.06468 0.00000 0.00168 -999.00000 -0.00079 -0.00000 0.00223 -0.00063 
 284  -0.12230 -0.00350 0.00000 -999.00000 -0.00245 0.00398 0.00044 0.02067 
 285  -0.01364 0.00388 -0.00573 0.00192 0.00078 0.00409 -0.00824 0.00011 
 286  -0.06875 -0.00000 0.01002 0.00308 -0.00303 -0.00273 0.00294 0.00493 
 287  -0.04663 -0.00165 0.00436 -999.00000 -0.00214 -0.00000 -0.00030 -0.00688 
 288  -999.00000 0.00147 0.00449 0.00022 0.00029 -0.00022 -0.00000 0.00517 
 289  -0.04320 -0.00185 0.00053 -0.00496 -0.00013 -0.00927 0.00146 0.00010 
 290  -0.15455 0.00163 0.00123 -999.00000 0.00016 -999.00000 -0.00014 0.00300 
 291  -0.09218 -0.00000 -0.02234 -999.00000 0.00328 0.00040 0.00320 -0.01006 
 292  -0.01877 0.00283 -0.00095 -0.00425 -0.00865 0.00046 0.00095 0.00893 
 293  -0.06053 0.00042 -0.00156 -999.00000 0.00011 -0.00000 -0.00298 -0.00322 
 294  -0.17692 0.00154 -0.00183 -999.00000 0.00047 0.00021 0.00330 -0.00611 
 295  -0.13410 0.00195 0.00293 -0.00067 0.00013 -0.00024 -0.01050 0.00323 
 296  -0.07467 0.00126 0.00194 -999.00000 -0.00322 0.00199 0.00014 -0.00569 
 297  -0.12420 -0.00173 -0.00986 -0.00000 -0.00174 -999.00000 -0.00033 -0.00023 
 298  -0.01628 -0.00316 -0.00607 -0.00000 -0.00013 0.00023 -0.00358 -0.00023 
 299  0.00457 0.00181 -0.00000 0.00214 -0.00257 -0.00280 -0.00207 0.00070 
 300  -0.00850 0.00326 0.00101 -0.00000 -0.00068 -999.00000 -0.00033 0.00079 
 301  -0.01104 0.00174 -0.00066 0.00152 -0.00723 -0.00365 -0.00015 0.00591 
 302  -0.00719 0.00160 -0.00841 0.00411 0.00102 0.00165 -0.00169 0.00117 
 303  -0.12235 -0.00000 0.00229 -999.00000 0.00095 -0.00000 -0.00257 0.00450 
 304  -0.10188 0.00051 -0.00256 -0.00000 0.00076 0.00443 0.00032 0.00243 
 305  -0.13405 -0.00092 -0.00720 -0.00501 -999.00000 0.00293 -0.00541 -0.00313 
 306  -0.00704 0.00104 0.00019 -999.00000 0.00009 -0.00000 -0.00087 0.00054 
 307  -0.14356 -0.00410 0.00016 -999.00000 0.00355 -999.00000 -0.00049 -0.00084 
 308  -0.03647 -0.00556 0.00412 0.00547 0.00036 0.00641 0.00015 0.00174 
 309  -0.00000 0.00500 -0.00871 -0.00035 -0.00199 -0.00186 0.00049 0.00238 
 310  -0.14424 0.00190 -0.00272 -999.00000 0.00165 -999.00000 0.00070 0.00092 
 311  -0.00079 -0.00307 -999.00000 -0.00032 -0.00081 0.00294 -0.00152 0.00693 
 312  -0.09745 0.00044 -0.00135 -0.00116 0.00386 -0.00025 0.00054 0.00233 
 313  -0.00000 0.00020 -0.00495 -999.00000 -0.00156 -0.00000 -0.00000 0.00126 
 314  -0.10741 -0.00180 -0.00127 -999.00000 -0.00000 0.00107 -0.00243 -0.00010 
 315  0.19009 0.00345 -999.00000 0.00026 -0.00028 -0.00026 -0.00192 0.00011 
 316  -0.13740 -0.00063 -0.00039 -999.00000 -0.00286 -999.00000 -0.00017 -0.00011 
 317  -0.13910 0.00306 0.00283 -999.00000 -0.00152 -0.00064 -0.00117 -0.00126 
 318  -0.01758 -0.00365 -0.00301 -0.00142 -999.00000 -0.00214 -0.00183 0.00020 
 319  -999.00000 -0.00076 -0.00444 -999.00000 -0.00010 -0.00192 0.00000 0.00011 
 320  -999.00000 0.00019 -0.00532 -999.00000 0.01060 -999.00000 -0.00019 0.00782 
 321  -999.00000 -0.00211 -999.00000 -0.00665 0.00480 -999.00000 -999.00000 0.00012 
 322  -999.00000 -0.00652 -0.00612 0.00125 0.00198 -999.00000 -999.00000 -0.00022 
 323  -0.15024 0.00081 0.00069 -999.00000 -0.00546 -999.00000 0.00053 0.00116 
 324  -0.00270 0.00087 0.00000 -999.00000 -0.00210 -999.00000 -999.00000 0.00295 
 325  -0.05882 0.00238 0.00333 0.00077 0.00461 -999.00000 -0.00227 0.00329 
 326  -0.13623 0.00213 -0.00381 -999.00000 0.00021 -999.00000 -999.00000 -0.00013 
 327  -999.00000 -0.00175 -0.00047 -999.00000 -0.00104 -0.00000 -999.00000 0.00012 
 328  -0.08681 0.00417 0.00076 0.00268 -0.00085 0.00066 0.00017 0.00179 
 329  -0.03556 0.00216 0.00200 0.00194 -0.00019 -0.00077 -0.00498 0.00196 
 330  -0.09809 -0.00023 0.00139 -0.00000 0.00078 -999.00000 -0.00778 0.00258 
 331  0.05474 0.00221 0.00133 0.00725 -0.00248 -0.00077 -0.00018 0.00072 
 332  -0.06792 -0.00672 0.00026 -0.00136 -0.00314 -0.00000 -0.00041 0.00022 
 333  -0.02293 -0.00185 0.00752 -999.00000 -0.00772 -999.00000 -0.00020 -0.00035 
 334  -0.12911 -0.00016 -0.00026 -0.00577 0.00047 -0.00051 -0.01406 -0.00476 
 335  -0.25401 0.00127 0.00361 0.00213 -0.00130 -0.00261 -0.00000 0.00109 
 336  -0.33333 0.00059 -0.00211 -999.00000 -999.00000 -999.00000 -0.00451 0.00056 
 337  -0.09664 -0.00383 -0.00110 -999.00000 -0.00058 -999.00000 0.00076 0.00073 
 338  -0.16984 0.00448 -0.00053 -0.00778 -0.00139 0.00000 -0.00000 0.00390 
 339  -0.25946 0.00229 -999.00000 -999.00000 0.00009 -999.00000 -0.00142 -0.00081 
 340  -999.00000 -0.00241 -0.00162 -0.00000 -0.00126 -999.00000 -0.00121 -0.00762 
 341  -999.00000 -0.00235 0.00581 -0.00202 0.00087 -0.00716 -0.00196 0.00047 
 342  -999.00000 0.00146 -0.00787 -999.00000 -0.00183 -0.00000 -0.00359 0.00035 
 343  -999.00000 0.00084 -0.00848 -999.00000 0.00122 -999.00000 -0.00092 0.00180 
 344  -999.00000 -999.00000 0.00000 -999.00000 -0.00000 -0.00255 0.00121 -999.00000 
 345  -999.00000 -0.00100 -0.04030 0.01944 -0.00091 0.00172 -0.00025 0.00138 
 346  -999.00000 0.00108 0.00600 -0.00000 -0.00031 -0.00000 -0.00164 -999.00000 
 347  -999.00000 0.00125 -0.00139 -0.00000 0.00028 -0.00440 -0.00025 0.00022 
 348  -999.00000 0.00416 -0.00805 0.01661 0.00010 -0.01326 -0.00115 -0.00202 
 349  -999.00000 -0.00183 -0.00373 -999.00000 0.00268 -999.00000 0.00175 0.00105 
 350  -999.00000 -0.00053 -0.00203 -999.00000 0.00253 0.00571 -0.00236 -0.00357 
 351  -999.00000 -0.00265 -0.00000 -0.00050 0.01412 -0.00000 0.00053 0.00064 
 352  -999.00000 -0.00016 -999.00000 -999.00000 0.00024 -0.00145 0.00228 0.00027 
 353  -999.00000 0.00130 -0.00291 -999.00000 -0.00081 -999.00000 -0.00581 -0.00049 
 354  -999.00000 -0.00377 0.00161 0.00793 -0.00118 0.00000 0.00110 0.00263 
 355  -999.00000 -0.00138 0.01204 0.00106 0.00173 0.00470 0.01245 0.00060 
 356  -999.00000 -0.00000 -0.00107 -999.00000 0.00025 -999.00000 -0.01037 0.00047 
 357  -999.00000 0.00054 -0.00199 -0.00255 -0.00893 0.00069 0.00048 -0.00326 
 358  -999.00000 0.00118 -0.00086 -0.00625 -0.01419 -0.00000 -0.00028 0.00009 
 359  -999.00000 0.00288 -0.00161 -0.00000 -0.00737 -999.00000 0.00092 -0.00131 
 360  -999.00000 -0.00127 -0.00053 -999.00000 0.00098 0.00456 -0.00736 0.00021 
 361  -999.00000 0.00032 0.00118 0.00128 -0.00261 -0.00151 0.00000 0.00042 
 362  -999.00000 0.00413 -999.00000 -999.00000 0.00017 0.00661 -0.00029 0.00025 
 363  -999.00000 -0.00016 -0.00166 -999.00000 -0.00167 -999.00000 -0.00095 -999.00000 
 364  -999.00000 0.00469 0.00164 0.02679 0.00324 0.01028 -0.00932 -0.00128 
 365  -999.00000 0.00000 0.00199 0.00824 -0.00221 0.00129 0.00579 -999.00000 
 366  -999.00000 0.00093 -0.00028 -999.00000 -0.00007 -999.00000 -0.00449 0.00042 
 367  -999.00000 0.00015 -0.00033 -0.00364 0.00336 -0.00413 0.00035 -0.00737 
 368  -999.00000 -0.00000 -0.00284 0.00260 -0.00007 -0.00302 -0.04058 -0.00017 
 369  -999.00000 -0.00176 0.00072 -999.00000 0.00162 -999.00000 -0.00412 -0.00009 
 370  -999.00000 0.00180 -0.00558 -999.00000 -0.00079 0.00053 0.00206 -0.00028 
 371  -999.00000 -0.00043 -999.00000 0.00000 0.00023 0.00623 0.00035 -0.00000 
 372  -999.00000 -0.00207 0.00055 -999.00000 0.00222 -0.00000 -0.00000 0.00076 
 373  -999.00000 0.00315 0.00520 -999.00000 -0.00185 -0.00000 0.00038 -0.00012 
 374  -999.00000 -0.00051 -0.00050 -0.00147 0.00125 -0.00355 -0.02057 0.00302 
 375  -999.00000 -0.00127 -999.00000 -0.00000 -999.00000 -999.00000 -0.00165 0.00154 
 376  -999.00000 -0.00014 0.00194 -0.00000 0.00057 -0.00000 -0.00041 -0.00242 
 377  -999.00000 0.00000 0.00080 -0.01322 -0.00296 -0.00053 -0.00000 0.00763 
 378  -999.00000 0.00060 0.00253 -999.00000 0.00027 -0.00000 0.00163 -0.00042 
 379  -999.00000 -0.00236 -0.00206 -999.00000 0.00084 -999.00000 0.00036 0.00000 
 380  -999.00000 0.00238 -0.00000 -999.00000 0.00048 0.00060 -999.00000 0.00087 
 381  -999.00000 -999.00000 0.00287 -0.00000 0.00718 0.00219 -0.00527 0.00197 
 382  -999.00000 -0.00066 -0.00062 -999.00000 -0.00063 -0.00000 -0.00092 -0.00468 
 383  -999.00000 0.00447 0.00054 -0.00000 -0.00202 -0.00060 -0.00281 0.00268 
 384  -999.00000 -0.00096 0.00033 -999.00000 -0.00046 -0.00085 0.00137 0.00341 
 385  -999.00000 0.00347 0.00266 -999.00000 0.00582 0.00804 0.00044 -0.00132 
 386  -999.00000 -999.00000 -999.00000 -999.00000 -999.00000 -0.00000 -999.00000 -999.00000 
 387  -999.00000 0.00384 0.00428 -999.00000 -999.00000 -0.00535 0.00000 0.00060 
 388  -999.00000 0.00328 -0.00157 -999.00000 0.00127 -0.00000 -0.00153 -999.00000 
 389  -999.00000 -999.00000 -0.00304 -0.00000 -0.00322 -999.00000 0.00000 -0.00000 
 390  -999.00000 -0.00119 -0.00107 -999.00000 0.00282 -0.00108 -0.00795 0.00144 
 391  -999.00000 0.00324 -0.00094 -999.00000 0.00058 0.00111 -0.00360 0.00039 
 392  -999.00000 0.00055 -999.00000 -999.00000 0.00008 -999.00000 -0.00133 0.00235 
 393  -999.00000 0.00244 -0.00028 -0.00000 0.00133 -0.00000 -0.00140 0.03370 
 394  -999.00000 0.00179 -0.00294 -999.00000 0.00021 -0.00368 -0.00000 0.00167 
 395  -999.00000 0.00236 -999.00000 -999.00000 0.00584 -0.00524 -0.01673 0.00172 
 396  -999.00000 0.00648 -0.00386 -999.00000 -0.00258 -999.00000 0.00314 -0.00074 
 397  -999.00000 -0.00045 0.00552 -999.00000 0.00315 -0.00219 0.00062 0.00033 
 398  -999.00000 -0.00210 -0.00086 -999.00000 -0.00514 -0.00000 -0.00000 -0.00639 
 399  -999.00000 -0.00167 -0.00140 -0.00000 0.00093 -999.00000 0.00281 0.00167 
 400  -999.00000 -0.00088 -0.00053 -999.00000 0.00059 -999.00000 0.00162 0.00119 
 401  -999.00000 -0.00022 0.00717 -999.00000 -0.00313 -0.01117 0.00085 0.00110 
 402  -999.00000 -0.00645 -999.00000 -0.00000 -0.00023 -999.00000 0.00268 0.00035 
 403  -999.00000 0.00110 0.00249 -0.00000 0.00138 -0.00480 -0.01058 0.00077 
 404  -999.00000 0.01044 -0.00110 -999.00000 -0.00631 -0.00146 0.00737 -0.00517 
 405  -999.00000 -0.00112 0.00153 -999.00000 -0.00476 -0.01471 -0.00000 0.00328 
 406  -999.00000 0.00011 0.00214 -999.00000 -0.00096 -999.00000 -0.00272 0.00736 
 407  -999.00000 0.00036 -0.00103 -999.00000 -0.00000 0.00208 0.00282 0.00342 
 408  -999.00000 -0.00071 -0.00263 -0.00000 -0.00093 0.01702 0.00134 0.00057 
 409  -999.00000 0.00141 0.00331 -0.00000 0.00440 -999.00000 0.01037 0.00188 
 410  -0.00000 -0.00080 0.00510 -999.00000 -999.00000 0.01636 0.00145 -0.00107 
 411  -999.00000 -0.00504 0.00053 -999.00000 -0.00046 0.01905 0.00465 0.00017 
 412  -999.00000 -0.01714 0.00096 -999.00000 -0.00153 -999.00000 -0.00645 -0.00045 
 413  -999.00000 -0.00121 0.00271 -999.00000 0.00754 -0.00750 -0.02752 0.00045 
 414  -999.00000 -0.00439 -0.00022 -999.00000 0.01785 -0.00000 -0.00182 0.00000 
 415  -999.00000 -0.00131 -999.00000 -999.00000 0.00399 -999.00000 -0.00000 -0.00024 
 416  -999.00000 0.00898 -0.00305 -999.00000 0.00026 -999.00000 -0.00000 -0.00023 
 417  -999.00000 0.00054 -0.00123 -999.00000 -0.00429 -0.04156 -999.00000 0.00028 
 418  -999.00000 -0.00230 -999.00000 -999.00000 -0.00048 -999.00000 -999.00000 -0.00028 
 419  -999.00000 0.00113 0.00194 -999.00000 -0.00173 -999.00000 -999.00000 -0.00028 
 420  -999.00000 -0.00110 0.00310 -999.00000 0.00054 -999.00000 -999.00000 0.00232 
 421  -999.00000 0.00011 0.01238 -999.00000 0.00117 -999.00000 -999.00000 -0.00132 
 422  -999.00000 0.00630 -0.00100 -999.00000 0.01718 -999.00000 -999.00000 0.00033 
 423  -999.00000 0.00263 0.00427 -999.00000 -0.00014 -999.00000 -999.00000 0.00390 
 424  -999.00000 -0.00000 -0.00442 -999.00000 0.00110 -999.00000 -999.00000 -0.00040 
 425  -999.00000 -0.00397 -999.00000 -999.00000 -0.00236 -999.00000 -999.00000 -0.00443 
 426  -999.00000 -0.00010 -0.00278 -999.00000 -0.00117 -999.00000 -999.00000 0.00118 
 427  -999.00000 -0.00334 0.01104 -999.00000 0.00064 -999.00000 -999.00000 0.00280 
 428  -999.00000 0.00083 0.00049 -999.00000 0.00032 -999.00000 -999.00000 0.00098 
 429  -999.00000 -0.00288 0.00014 -999.00000 0.00365 -999.00000 -999.00000 0.00039 
 430  -999.00000 0.00083 -0.00225 -999.00000 -999.00000 -999.00000 -999.00000 0.00077 
 431  -999.00000 -0.00000 0.00735 -999.00000 0.00085 -999.00000 -999.00000 -0.00000 
 432  -999.00000 -0.00206 -999.00000 -999.00000 0.00041 -999.00000 -999.00000 0.00089 
 433  -999.00000 -0.00404 -0.00154 -999.00000 -999.00000 -999.00000 -999.00000 -0.00044 
 434  -999.00000 0.00019 -0.00077 -999.00000 0.00040 -999.00000 -999.00000 0.00148 
 435  -999.00000 -0.00161 0.00213 -0.00000 -0.00147 -999.00000 -999.00000 0.00000 
 436  -999.00000 0.00026 0.00159 -0.00000 -0.00093 -999.00000 -999.00000 -0.00000 
 437  -999.00000 0.00024 0.00109 -999.00000 -0.00226 -999.00000 -999.00000 -0.00000 
 438  -999.00000 0.00602 -0.00287 -0.00000 -0.00233 -999.00000 -999.00000 -0.00319 
 439  -999.00000 0.00377 0.00902 -999.00000 0.00130 -999.00000 -999.00000 -0.00219 
 440  -999.00000 0.00106 -0.00072 -999.00000 0.00078 -999.00000 -999.00000 0.00093 
 441  -999.00000 -0.00020 -0.00066 -999.00000 0.00466 -999.00000 -999.00000 0.00406 
 442  -999.00000 0.00223 -0.00045 -999.00000 -0.00144 -999.00000 -999.00000 0.00000 
 443  -999.00000 0.00983 -0.00123 -999.00000 -0.00061 -999.00000 -999.00000 0.01184 
 444  -999.00000 -0.00056 -0.00247 -999.00000 -0.00012 -999.00000 -999.00000 0.00000 
 445  -999.00000 -0.00167 0.00113 -0.00000 -0.00026 -999.00000 -999.00000 -0.00164 
 446  -999.00000 -0.00099 0.00056 -0.00000 0.00033 -999.00000 -999.00000 -0.01553 
 447  -999.00000 0.00017 0.00060 -999.00000 0.00012 -0.00000 -999.00000 -999.00000 
 448  -999.00000 -0.00151 -0.00332 -999.00000 0.00097 -999.00000 -999.00000 0.00889 
 449  -999.00000 -999.00000 -999.00000 -999.00000 -999.00000 -999.00000 -999.00000 -999.00000 
 450  -999.00000 -999.00000 0.00048 -999.00000 -999.00000 -999.00000 -999.00000 -999.00000 
 451  -999.00000 -999.00000 -999.00000 -999.00000 -999.00000 -0.00000 -0.00000 -999.00000 
 452  -999.00000 -999.00000 -999.00000 -999.00000 0.00028 -999.00000 -999.00000 -999.00000 
 453  -999.00000 -0.00000 -0.00050 -0.00000 0.00027 -999.00000 -999.00000 -999.00000 
 454  -999.00000 0.00306 0.00042 -999.00000 0.00224 -999.00000 -999.00000 -999.00000 
 455  -999.00000 0.00266 0.00513 -999.00000 -0.00141 -999.00000 -999.00000 -999.00000 
 456  -999.00000 0.00083 0.00149 -999.00000 -0.00129 -999.00000 -999.00000 -999.00000 
 457  -999.00000 0.00022 0.00009 -999.00000 0.00000 -999.00000 -999.00000 -999.00000 
 458  -999.00000 -0.00040 -0.00030 -999.00000 0.00198 -999.00000 -999.00000 -999.00000 
 459  -999.00000 0.00160 0.00083 -999.00000 0.00281 -999.00000 -999.00000 -999.00000 
 460  -999.00000 -0.00000 -0.00029 -999.00000 -0.00142 -0.00000 -0.00000 -999.00000 
 461  -999.00000 0.00974 -0.01844 -999.00000 0.00288 -999.00000 -0.00000 -999.00000 
 462  -999.00000 -0.00011 -0.00270 -999.00000 -0.00068 -999.00000 -0.00000 -999.00000 
 463  -999.00000 0.00076 -0.00022 -999.00000 0.00246 -0.00000 -0.00000 -999.00000 
 464  -999.00000 -999.00000 0.00201 -999.00000 -999.00000 -999.00000 -999.00000 -999.00000 
 465  -999.00000 -0.00010 -999.00000 -999.00000 -0.00900 -999.00000 -999.00000 -999.00000 
 466  -999.00000 0.00022 0.00170 -999.00000 -0.00037 -999.00000 -999.00000 -999.00000 
 467  -999.00000 0.00051 -0.00053 -999.00000 -999.00000 -999.00000 -0.00000 -0.00000 
 468  -999.00000 -999.00000 -0.00103 -999.00000 -999.00000 -999.00000 -999.00000 -0.00000 
 469  -999.00000 0.00073 -999.00000 -999.00000 -0.01224 -999.00000 -999.00000 -0.00000 
 470  -999.00000 0.00028 -0.00074 -999.00000 0.00278 -0.00000 -999.00000 -999.00000 
 471  -999.00000 -0.00384 -0.00028 -999.00000 0.00052 -999.00000 -0.00000 -0.00000 
 472  -999.00000 0.00000 -999.00000 -999.00000 0.00069 -999.00000 -0.00000 -999.00000 
 473  -999.00000 -0.00498 0.00047 -999.00000 -0.00080 -999.00000 -0.00000 -999.00000 
 474  -999.00000 0.00107 0.00469 -999.00000 -0.00000 -999.00000 -999.00000 -999.00000 
 475  -999.00000 -999.00000 -0.00323 -999.00000 -0.00130 -999.00000 -0.10000 -0.00000 
 476  -999.00000 -0.00010 -0.00044 -999.00000 -0.00211 -999.00000 -999.00000 -0.00000 
 477  -999.00000 -0.00009 0.00153 -999.00000 -999.00000 -999.00000 -999.00000 -999.00000 
 478  -999.00000 -999.00000 0.00251 -999.00000 -999.00000 -999.00000 -999.00000 -999.00000 
 479  -999.00000 -999.00000 0.00096 -999.00000 -999.00000 -999.00000 -999.00000 -999.00000 
 480  -999.00000 0.00298 0.00048 -999.00000 -999.00000 -0.00000 -0.00000 -999.00000 
 481  -999.00000 -0.00366 -0.00198 -999.00000 -999.00000 -999.00000 -999.00000 -0.00000 
 482  -999.00000 -999.00000 -999.00000 -999.00000 -999.00000 -999.00000 -999.00000 -0.00000 
 483  -999.00000 0.00388 0.00025 -999.00000 -999.00000 -999.00000 -0.00000 -999.00000 
 484  -0.10000 -0.00265 0.01711 -999.00000 -999.00000 -999.00000 -0.00000 -0.00000 
 485  -999.00000 0.00009 -999.00000 -999.00000 -999.00000 -999.00000 -0.00000 -0.00000 
 486  -999.00000 0.00235 0.00000 -999.00000 -999.00000 -999.00000 -0.00000 -0.00000 
 487  -999.00000 0.00010 -0.00008 -999.00000 -0.00000 -999.00000 -999.00000 -0.00000 
 488  -999.00000 -0.00034 0.00291 -999.00000 -999.00000 -999.00000 -999.00000 -0.00000 
 489  -999.00000 0.00729 -0.00366 -999.00000 -999.00000 -999.00000 -999.00000 -999.00000 
 490  -999.00000 -0.00111 0.00802 -999.00000 -999.00000 -999.00000 -999.00000 -999.00000 
 491  -999.00000 0.00074 -0.00008 -999.00000 -999.00000 -999.00000 -999.00000 -999.00000 
 492  -999.00000 0.00106 -0.00602 -999.00000 -999.00000 -999.00000 -0.00000 -999.00000 
 493  -999.00000 0.00233 -0.00015 -999.00000 -999.00000 -999.00000 -999.00000 -999.00000 
 494  -999.00000 -999.00000 0.00239 -0.00000 -0.00000 -0.00000 -999.00000 -999.00000 
 495  -0.00000 -0.00284 -999.00000 -999.00000 -0.00000 -0.00000 -999.00000 -999.00000 
 496  -999.00000 -999.00000 0.00024 -999.00000 -0.00000 -999.00000 -0.00000 -999.00000 
 497  -999.00000 0.00254 0.00021 -999.00000 -999.00000 -999.00000 -0.00000 -999.00000 
 498  -999.00000 -0.00071 -999.00000 -999.00000 -999.00000 -999.00000 -999.00000 -999.00000 
 499  -999.00000 -0.00085 -999.00000 -999.00000 -999.00000 -999.00000 -0.00000 -999.00000 
 500  -999.00000 -999.00000 -0.00004 -999.00000 -999.00000 -0.00000 -999.00000 -0.00000 
 501  -999.00000 -0.00273 -999.00000 -999.00000 -0.00000 -999.00000 -999.00000 -999.00000 
 502  -999.00000 -0.00259 -999.00000 -999.00000 -0.00000 -999.00000 -0.00000 -999.00000 
 503  -999.00000 0.00052 0.00669 -999.00000 -999.00000 -0.00000 -999.00000 -0.00000 
 504  -999.00000 0.00881 -999.00000 -999.00000 -0.00000 -0.00000 -999.00000 -999.00000 
 505  -999.00000 -0.00321 -0.00223 -999.00000 -0.00000 -999.00000 -999.00000 -999.00000 
 506  -999.00000 0.00074 0.00263 -999.00000 -999.00000 -999.00000 -999.00000 -999.00000 
 507  -999.00000 -0.00018 -0.00088 -999.00000 -999.00000 -999.00000 -0.00000 -999.00000 
 508  -999.00000 0.00384 -999.00000 -999.00000 -999.00000 -999.00000 -999.00000 -999.00000 
 509  -999.00000 -0.00133 -0.00007 -999.00000 -999.00000 -999.00000 -999.00000 -0.00000 
 510  -999.00000 0.00112 -0.00299 -999.00000 -999.00000 -999.00000 -999.00000 -0.00000 
 511  -999.00000 0.00236 -999.00000 -999.00000 -999.00000 -999.00000 -999.00000 -999.00000 
 512  -999.00000 0.00301 -999.00000 -999.00000 -999.00000 -999.00000 -999.00000 -999.00000 
