 1  -999.00000 -999.00000 -999.00000 -999.00000 -999.00000 -999.00000 -999.00000 -999.00000 
 2  0.01889 -999.00000 -999.00000 -999.00000 -999.00000 -999.00000 -0.00000 -999.00000 
 3  0.01732 -999.00000 -999.00000 -0.00000 -999.00000 -999.00000 -0.00000 -999.00000 
 4  0.00691 -999.00000 -999.00000 -999.00000 -999.00000 -999.00000 -999.00000 -0.00000 
 5  -999.00000 -999.00000 -0.00000 -999.00000 -999.00000 -999.00000 -999.00000 -999.00000 
 6  0.00050 -999.00000 -999.00000 -999.00000 -999.00000 -999.00000 -999.00000 -999.00000 
 7  0.00108 -999.00000 -999.00000 -999.00000 -999.00000 -999.00000 -999.00000 -999.00000 
 8  0.00267 -999.00000 -999.00000 -999.00000 -999.00000 -999.00000 -0.00000 -0.00000 
 9  0.01286 -0.00000 -999.00000 -999.00000 -999.00000 -999.00000 -0.00000 -999.00000 
 10  0.00690 -0.00000 -999.00000 -999.00000 -999.00000 -999.00000 -0.00000 -999.00000 
 11  -999.00000 -999.00000 -999.00000 -0.00000 -999.00000 -999.00000 -0.00000 -999.00000 
 12  -999.00000 -999.00000 -999.00000 0.00290 -999.00000 -0.00000 -0.00000 -999.00000 
 13  -0.01037 -999.00000 -999.00000 0.00000 -999.00000 -0.00000 -0.00000 -999.00000 
 14  0.00280 -999.00000 -999.00000 -999.00000 -999.00000 -999.00000 -999.00000 -999.00000 
 15  -999.00000 -999.00000 -0.00000 -0.01505 -999.00000 -999.00000 -999.00000 -0.00000 
 16  0.01532 -999.00000 -999.00000 0.01079 -999.00000 -999.00000 -999.00000 -999.00000 
 17  0.00148 -999.00000 -999.00000 -999.00000 -0.00000 -999.00000 -999.00000 -999.00000 
 18  -0.01862 -999.00000 -999.00000 -999.00000 -999.00000 -999.00000 -999.00000 -0.00000 
 19  0.00418 -999.00000 -999.00000 -0.00204 -0.00000 -999.00000 -999.00000 -0.00000 
 20  -0.00036 -999.00000 -999.00000 -0.00108 -0.00000 -999.00000 -0.00000 -0.00000 
 21  -0.01234 -999.00000 -999.00000 -999.00000 -999.00000 -999.00000 -999.00000 -0.00000 
 22  0.02448 -999.00000 -999.00000 0.00026 -999.00000 -0.00000 -999.00000 -999.00000 
 23  0.02803 -999.00000 -999.00000 0.00274 -999.00000 -999.00000 -999.00000 -0.00000 
 24  0.00192 -999.00000 -999.00000 -999.00000 -999.00000 -999.00000 -999.00000 -0.00000 
 25  0.01362 -999.00000 -999.00000 -999.00000 -999.00000 -0.00000 -999.00000 -999.00000 
 26  -999.00000 -999.00000 -999.00000 -0.00285 -0.00000 -999.00000 -0.00000 -999.00000 
 27  -0.01188 -999.00000 -999.00000 -999.00000 -999.00000 -0.00000 -0.00000 -999.00000 
 28  0.01046 -999.00000 -999.00000 -999.00000 -0.00000 -999.00000 -999.00000 -999.00000 
 29  -0.01087 -999.00000 -999.00000 0.00043 -999.00000 -999.00000 -999.00000 -999.00000 
 30  -0.00836 -999.00000 -999.00000 -0.00172 -999.00000 -0.00000 -999.00000 -0.00000 
 31  -0.00610 -999.00000 -999.00000 -999.00000 -999.00000 -0.00000 -999.00000 -0.00000 
 32  -999.00000 -999.00000 -999.00000 -999.00000 -999.00000 -0.00000 -0.00000 -999.00000 
 33  -0.01407 -999.00000 -999.00000 -0.00330 -0.00000 -999.00000 -0.00000 -0.00000 
 34  -0.00438 -999.00000 -999.00000 -999.00000 -999.00000 -0.00000 -0.00000 -0.00000 
 35  -0.00915 -0.00000 -999.00000 -999.00000 -999.00000 -0.00000 -0.00000 -999.00000 
 36  0.00328 -999.00000 -999.00000 -0.00283 -999.00000 -0.00000 -999.00000 -0.00000 
 37  -0.00189 -999.00000 -999.00000 -0.00313 -0.00000 -0.00000 -0.00000 -0.00000 
 38  -999.00000 -999.00000 -999.00000 -999.00000 -0.00000 -999.00000 -0.00000 -0.00000 
 39  -0.00179 -999.00000 -999.00000 0.00102 -0.00000 -999.00000 -0.00000 -0.00000 
 40  -0.00969 -999.00000 -999.00000 -0.00000 -0.00000 -999.00000 -999.00000 -0.00000 
 41  -0.00821 -999.00000 -999.00000 -0.00000 -999.00000 -999.00000 -999.00000 -0.00000 
 42  -0.01054 -999.00000 -999.00000 -999.00000 -999.00000 -0.00000 -999.00000 -0.00000 
 43  0.00308 -999.00000 -999.00000 0.00056 -999.00000 -999.00000 -0.00000 -999.00000 
 44  0.00447 -999.00000 -999.00000 0.00303 -0.06667 -999.00000 -999.00000 -0.00000 
 45  0.01843 -999.00000 -999.00000 -999.00000 -999.00000 -999.00000 -0.00000 -0.00000 
 46  -0.00281 -999.00000 -999.00000 -0.00016 -999.00000 -999.00000 -0.00000 -999.00000 
 47  -0.01439 -999.00000 -999.00000 -999.00000 -999.00000 -999.00000 -999.00000 -999.00000 
 48  0.01019 -999.00000 -999.00000 -999.00000 -999.00000 -999.00000 -999.00000 -999.00000 
 49  -0.00119 -0.00000 -999.00000 0.00457 -999.00000 -0.00000 -999.00000 -999.00000 
 50  -0.00590 -0.00000 -999.00000 0.00182 -999.00000 -999.00000 -999.00000 -0.00000 
 51  0.00083 -0.00000 -999.00000 -999.00000 -999.00000 -999.00000 -999.00000 -999.00000 
 52  0.01328 -999.00000 -999.00000 -999.00000 -999.00000 -999.00000 -999.00000 -999.00000 
 53  0.00047 -999.00000 -999.00000 0.00509 -999.00000 -999.00000 -999.00000 -999.00000 
 54  -0.00507 -999.00000 -999.00000 0.01290 -999.00000 -0.00923 -999.00000 -999.00000 
 55  -999.00000 -999.00000 -999.00000 0.00357 -999.00000 -999.00000 -999.00000 -999.00000 
 56  -0.00259 -999.00000 -999.00000 0.01765 -999.00000 -0.00588 -999.00000 -999.00000 
 57  -0.00033 -999.00000 -999.00000 -0.00345 -999.00000 -0.00000 0.03830 -999.00000 
 58  -999.00000 -999.00000 -999.00000 -0.00260 -999.00000 -999.00000 0.01408 -999.00000 
 59  -0.00352 -999.00000 -999.00000 -999.00000 -999.00000 -0.01280 -0.00455 -999.00000 
 60  0.00157 -999.00000 -999.00000 0.00989 -999.00000 -0.00000 0.02167 -999.00000 
 61  0.00133 -999.00000 -999.00000 -999.00000 -999.00000 -0.00000 -0.00135 -999.00000 
 62  0.00411 -999.00000 -999.00000 -999.00000 -999.00000 -0.00717 0.00819 -999.00000 
 63  -999.00000 -999.00000 -999.00000 -0.00032 -999.00000 0.00274 -0.00000 -999.00000 
 64  0.01049 -999.00000 -999.00000 -999.00000 -999.00000 -0.00376 0.00579 -999.00000 
 65  -999.00000 -999.00000 -999.00000 -999.00000 -999.00000 0.00236 -0.00064 -999.00000 
 66  -999.00000 -999.00000 -999.00000 -999.00000 -999.00000 0.00235 -999.00000 -999.00000 
 67  -999.00000 -999.00000 -999.00000 0.00152 -999.00000 0.00110 -0.00048 -999.00000 
 68  -999.00000 -999.00000 -999.00000 -999.00000 -999.00000 -0.00104 0.00514 -999.00000 
 69  -0.00324 -999.00000 -999.00000 -999.00000 -0.00000 0.00618 0.00095 -999.00000 
 70  -0.01888 -999.00000 -999.00000 -0.00072 -0.00000 0.00044 0.00090 -999.00000 
 71  0.00232 -999.00000 -0.10000 -999.00000 -999.00000 0.00349 0.00254 -999.00000 
 72  0.00071 -999.00000 -0.00000 -999.00000 -999.00000 0.00459 0.00037 -999.00000 
 73  0.00790 -999.00000 -999.00000 0.00144 -999.00000 0.00042 0.00267 -999.00000 
 74  0.01684 -999.00000 -999.00000 -999.00000 -999.00000 -0.00119 -0.00261 -999.00000 
 75  0.00584 -999.00000 -999.00000 -999.00000 -999.00000 -0.01185 -0.00871 -999.00000 
 76  -0.00317 -999.00000 -999.00000 -999.00000 -999.00000 -0.00553 -0.00638 -999.00000 
 77  -0.00611 -999.00000 -999.00000 0.00011 -999.00000 -0.00590 0.01207 -999.00000 
 78  0.00465 -999.00000 -999.00000 -999.00000 -999.00000 -0.00171 -0.00168 -999.00000 
 79  0.00052 -999.00000 -999.00000 -999.00000 -999.00000 -0.00199 -0.00294 -999.00000 
 80  0.00888 -999.00000 -999.00000 -0.00142 -999.00000 0.00276 0.00027 -999.00000 
 81  0.00245 -999.00000 -999.00000 -999.00000 -999.00000 0.00197 0.00192 -999.00000 
 82  -0.09048 -999.00000 -999.00000 -999.00000 -999.00000 -0.00714 -0.00195 -999.00000 
 83  -0.00712 -999.00000 -999.00000 -0.00050 -999.00000 0.00064 0.00188 -999.00000 
 84  0.00211 -999.00000 -999.00000 -0.00049 -999.00000 0.00052 -0.00125 -999.00000 
 85  0.00283 -999.00000 -999.00000 -999.00000 -999.00000 0.00064 -0.00068 -999.00000 
 86  -0.12084 -999.00000 -999.00000 -999.00000 -999.00000 0.00024 0.00042 -999.00000 
 87  -0.00832 -999.00000 -999.00000 -0.00069 -999.00000 -0.00341 -0.06299 -999.00000 
 88  -0.00067 -999.00000 -999.00000 -999.00000 -999.00000 0.00086 -0.00646 -0.00000 
 89  0.00509 -999.00000 -999.00000 -999.00000 -999.00000 0.00065 -0.00303 -0.00333 
 90  -0.22119 -999.00000 -999.00000 0.00090 -999.00000 0.00943 0.08038 -0.01690 
 91  -0.00095 -999.00000 -999.00000 -999.00000 -999.00000 0.32756 0.00620 0.00225 
 92  0.01101 -999.00000 -999.00000 -999.00000 -999.00000 -0.00080 0.01255 0.00667 
 93  -0.00115 -999.00000 -999.00000 -999.00000 -999.00000 -0.00684 -0.00000 -999.00000 
 94  -999.00000 -999.00000 -999.00000 0.00735 -999.00000 -0.00846 0.02354 -0.00566 
 95  -0.00361 -999.00000 -999.00000 -999.00000 -999.00000 -0.00406 0.00162 -0.00000 
 96  0.00406 -999.00000 -999.00000 -999.00000 -999.00000 0.00371 0.00296 -0.00462 
 97  -0.00317 -999.00000 -999.00000 -0.00231 -999.00000 -0.00217 0.00358 -999.00000 
 98  0.01109 -999.00000 -999.00000 -999.00000 -999.00000 0.00142 0.00000 0.00326 
 99  0.00066 -999.00000 -999.00000 -999.00000 -999.00000 -0.00064 -0.00461 0.00684 
 100  -0.00080 -999.00000 -999.00000 -0.02816 -999.00000 -0.00258 -0.00116 -999.00000 
 101  0.00176 -999.00000 -999.00000 -999.00000 -999.00000 -0.00133 0.00555 0.00000 
 102  0.00642 -999.00000 -999.00000 -999.00000 -999.00000 -0.00000 -0.00248 0.00694 
 103  0.00036 -999.00000 -999.00000 -999.00000 -999.00000 0.00177 0.09103 -0.00150 
 104  0.01883 -999.00000 -999.00000 -0.00033 -999.00000 -0.00160 0.00388 -0.00247 
 105  -999.00000 -999.00000 -999.00000 -999.00000 -999.00000 -0.00546 -0.00065 -0.00678 
 106  0.01322 -999.00000 -999.00000 -999.00000 -999.00000 -0.00602 0.00779 0.00729 
 107  -0.01733 -999.00000 -999.00000 0.00779 -999.00000 -0.00000 0.00575 -0.00100 
 108  -0.01569 -999.00000 -999.00000 -999.00000 -999.00000 -999.00000 -0.00348 -0.00498 
 109  0.00828 -999.00000 -999.00000 -999.00000 -999.00000 -0.00459 -0.00200 -999.00000 
 110  0.00223 -999.00000 -999.00000 -999.00000 -999.00000 -0.00752 -0.00421 -0.00196 
 111  0.00183 -999.00000 -999.00000 0.00104 -999.00000 0.00237 0.00658 0.01015 
 112  -0.12787 -0.00000 -999.00000 -999.00000 -999.00000 0.00041 -0.00165 0.00614 
 113  0.02093 -0.00000 -999.00000 -999.00000 -999.00000 0.00684 -0.01051 0.00329 
 114  -0.07434 -0.00000 -999.00000 -0.03084 -999.00000 -0.00430 0.00157 0.00152 
 115  0.00888 -999.00000 -999.00000 -999.00000 0.00625 -0.00589 -0.00203 -0.00494 
 116  -0.01246 -999.00000 -999.00000 -0.00000 -999.00000 -0.00101 -0.00148 -0.00667 
 117  0.00056 -999.00000 -999.00000 0.00070 -999.00000 0.00766 0.00602 -0.00251 
 118  0.00103 -999.00000 -999.00000 -999.00000 -999.00000 -999.00000 0.00047 -0.00935 
 119  0.00274 -999.00000 -999.00000 -999.00000 -999.00000 -0.00092 0.00063 0.00415 
 120  0.00000 -999.00000 -999.00000 -999.00000 -0.00000 0.00188 0.00351 -0.00257 
 121  -0.00209 -999.00000 -999.00000 0.00043 -0.00227 -0.00000 0.00213 -0.00479 
 122  0.00000 -999.00000 -999.00000 -999.00000 0.00000 -0.00079 0.00404 -0.01024 
 123  -0.00870 -999.00000 -0.00000 -999.00000 0.00182 -0.00059 0.00459 -0.00807 
 124  0.00245 -999.00000 -999.00000 -0.01686 0.00992 -0.00039 0.00410 -0.00062 
 125  -0.00074 -999.00000 -999.00000 -999.00000 -0.00000 0.00092 -0.00019 -0.00393 
 126  -0.00311 -999.00000 -999.00000 -999.00000 -0.00000 0.00068 0.00771 -0.00358 
 127  -999.00000 -999.00000 -999.00000 -0.00123 0.00875 -0.00013 0.00108 0.00065 
 128  -999.00000 -999.00000 -999.00000 0.00177 -999.00000 -0.00222 0.00238 -0.00176 
 129  -999.00000 -999.00000 -999.00000 -0.00000 -0.03133 -999.00000 0.00135 -999.00000 
 130  -999.00000 -999.00000 -999.00000 0.00165 0.00958 -0.00420 0.00393 -999.00000 
 131  -0.00026 -999.00000 -999.00000 0.00141 -999.00000 -999.00000 0.00359 -999.00000 
 132  -0.00313 -999.00000 -999.00000 -999.00000 -0.00215 -0.00103 0.00127 -999.00000 
 133  -0.01136 -999.00000 -999.00000 -0.00000 -999.00000 0.00195 0.00736 0.00476 
 134  -999.00000 -999.00000 -999.00000 -0.01057 -999.00000 0.00240 0.01095 -0.00904 
 135  -0.02112 -999.00000 -999.00000 -999.00000 -999.00000 0.00129 -0.00034 0.00545 
 136  -0.00474 -999.00000 -999.00000 -0.00000 0.01038 -0.00343 0.00025 -999.00000 
 137  0.01585 -999.00000 -999.00000 -0.00160 0.05436 0.00151 -0.00189 -0.00952 
 138  -0.00011 -999.00000 -999.00000 0.00337 -999.00000 0.00922 -0.00423 -0.00170 
 139  -0.79608 -999.00000 -999.00000 -999.00000 -999.00000 0.00037 0.00154 -0.00188 
 140  -0.00684 -999.00000 -999.00000 -999.00000 0.00684 -0.00080 -0.00111 0.00324 
 141  -0.00402 -999.00000 -999.00000 -0.00068 -0.02535 -0.00119 0.02465 -0.00192 
 142  -0.00223 -999.00000 -999.00000 -999.00000 -0.00336 0.00172 0.00267 -0.00140 
 143  0.02461 -999.00000 -999.00000 -0.00000 0.00167 -0.00032 0.00035 -0.00250 
 144  -0.00188 -999.00000 -999.00000 0.01051 -0.00317 0.00710 0.01092 0.01786 
 145  0.00039 -999.00000 -999.00000 -999.00000 0.00077 -0.00498 0.00553 0.00217 
 146  -0.00865 -999.00000 -999.00000 -999.00000 0.00915 -999.00000 -0.00073 -0.00260 
 147  0.01823 -999.00000 -999.00000 0.00717 0.00723 0.00084 -0.00250 0.00043 
 148  0.01357 -999.00000 -999.00000 -0.00104 -999.00000 -999.00000 -0.00102 -0.00119 
 149  -0.09035 -0.00000 -999.00000 -999.00000 0.01783 -0.00000 0.00237 -0.00221 
 150  -0.00896 -999.00000 -999.00000 0.00284 -0.02431 0.00027 0.00138 0.00222 
 151  -0.00349 -999.00000 -999.00000 -0.00410 0.00875 0.00496 0.00126 0.00435 
 152  -0.00669 -0.00000 -999.00000 -999.00000 0.00061 0.00013 -0.00030 0.00488 
 153  0.00378 -0.00455 -999.00000 -999.00000 -0.00349 0.00513 0.00160 0.00576 
 154  0.00271 -999.00000 -999.00000 -0.00213 -0.02609 -0.00262 -0.00421 0.00318 
 155  -0.00481 0.00286 -999.00000 -999.00000 -0.01333 -0.00532 0.00143 -0.00035 
 156  -0.00638 -999.00000 -999.00000 -999.00000 -0.00545 -0.00049 -0.00985 0.00035 
 157  0.00252 -999.00000 -999.00000 0.00452 -0.08940 0.00242 0.00090 -0.00713 
 158  0.00674 -0.01163 -999.00000 -0.00303 -0.04479 -999.00000 0.00182 0.00137 
 159  0.00016 -0.01667 -999.00000 -999.00000 0.00189 -0.00032 0.00290 0.00625 
 160  -999.00000 0.01087 -999.00000 -999.00000 -0.01485 -0.00516 -0.00265 -0.00174 
 161  0.00195 -0.02247 -999.00000 0.05859 0.01126 0.06998 0.00158 -0.00408 
 162  0.01144 -999.00000 -999.00000 -999.00000 0.02069 0.00055 0.00340 0.00447 
 163  -0.02273 0.00000 -999.00000 -999.00000 -0.07176 0.00129 -0.00310 0.00211 
 164  -0.00462 -0.00168 -999.00000 -0.00845 0.00466 0.00838 0.00175 0.00449 
 165  -0.00422 0.00746 -999.00000 -999.00000 -0.01188 0.00528 -0.00172 -0.00000 
 166  0.02030 0.00182 -999.00000 -0.00000 -0.00463 -999.00000 0.00015 -0.01008 
 167  0.10928 0.01724 -999.00000 0.00083 0.00288 0.00225 0.00351 0.00306 
 168  -0.00335 -0.00137 -999.00000 -0.00069 -0.03000 -999.00000 0.00386 -0.00000 
 169  -999.00000 -0.00000 -999.00000 -999.00000 -0.00295 -0.00151 0.00008 0.00239 
 170  -0.70214 -0.05590 -999.00000 -0.00103 0.01643 -0.00063 0.00677 -0.00357 
 171  0.01443 0.01236 -999.00000 0.00041 -0.00213 -0.00000 0.00141 -0.00056 
 172  -0.01205 0.00000 -999.00000 -999.00000 0.00302 0.00183 0.01088 -0.00480 
 173  -0.01156 0.00323 -999.00000 -0.00000 -0.02310 -0.00193 -999.00000 -0.00526 
 174  -0.01059 -999.00000 -999.00000 0.00231 -0.02168 -0.00426 0.00656 -0.00057 
 175  -0.00473 -0.02066 -999.00000 -999.00000 -0.00696 -0.00077 0.00173 -0.00690 
 176  -0.03004 -0.00275 -999.00000 -999.00000 0.00099 0.00843 0.00255 -0.00337 
 177  -0.02624 0.00109 -999.00000 -0.00220 -0.00163 -0.00177 0.00069 0.00134 
 178  0.00688 -0.00000 -999.00000 0.00000 -0.00042 -0.00737 -0.00862 -0.00187 
 179  -0.01401 -0.00948 -999.00000 -999.00000 -0.00797 -0.00197 0.00536 -0.00181 
 180  -0.01291 -0.00905 -999.00000 -999.00000 -0.00161 0.00129 0.00213 0.00056 
 181  -0.01470 -0.02166 -999.00000 0.01276 -0.00617 -999.00000 0.01190 -0.00131 
 182  0.00039 -0.00176 -999.00000 -999.00000 -0.00675 0.00173 -0.00030 0.00141 
 183  -0.01637 -0.00278 -999.00000 -999.00000 0.00076 0.00015 0.01453 -0.00560 
 184  -999.00000 -0.02938 -999.00000 0.00101 0.00081 -0.00174 -0.00276 0.00578 
 185  -0.00013 -0.00000 -999.00000 0.00116 -0.02732 0.00607 -0.00474 -0.00156 
 186  -0.00847 -0.00260 -999.00000 -999.00000 -0.00329 0.00307 0.00120 -0.00131 
 187  -999.00000 -999.00000 -999.00000 -0.00000 0.00145 0.00213 0.00533 0.00070 
 188  -0.02172 -0.00180 -999.00000 0.00137 -0.00522 -0.00000 0.00483 -999.00000 
 189  -0.01514 -0.00269 -999.00000 -999.00000 -0.00091 -0.00107 -0.00196 0.00321 
 190  -0.00278 -0.00539 -999.00000 -999.00000 -0.00032 -0.00176 -0.07480 0.00045 
 191  -999.00000 0.00330 -999.00000 -0.00022 -0.00403 -0.00438 -0.00020 -0.00046 
 192  -999.00000 -999.00000 -999.00000 -999.00000 -0.00067 0.00117 -0.00008 -0.00240 
 193  -999.00000 -999.00000 -999.00000 -0.00000 -0.00365 -0.00167 -0.00054 -999.00000 
 194  -999.00000 -999.00000 0.00789 -0.00064 0.00118 -999.00000 0.00586 -0.00557 
 195  0.00192 -999.00000 0.00759 -0.00126 -0.00962 0.00128 -0.00242 -999.00000 
 196  -0.00769 -999.00000 0.00401 -999.00000 -0.00031 0.00348 0.00138 0.00136 
 197  -999.00000 -0.00786 0.00098 -0.00112 0.00864 -0.00138 0.00297 -0.01103 
 198  0.00256 -0.00075 0.00354 -999.00000 -0.00000 -999.00000 0.00008 0.00259 
 199  0.01843 -0.00873 0.00223 -999.00000 0.00521 -0.00181 -0.00430 -0.01201 
 200  -0.00097 -0.02868 0.01245 -999.00000 -0.01921 -0.00197 -0.00110 0.00217 
 201  -0.00023 0.00611 0.00196 0.00245 0.00427 0.00263 -0.00108 -0.00059 
 202  0.00023 0.00289 0.03909 -999.00000 -0.00678 -0.00032 0.01248 0.00486 
 203  0.00312 -0.00227 -0.00152 -0.00000 -0.00095 -0.00100 0.00203 0.00472 
 204  0.00837 0.00556 0.03017 0.00415 -0.00274 -0.00431 0.00096 -0.00186 
 205  -0.00673 -0.00067 0.01237 0.00215 -0.00312 -999.00000 0.00405 -0.00225 
 206  0.00309 -0.01902 0.00136 -999.00000 0.00385 -0.00399 -0.00451 -0.00279 
 207  0.00079 0.00483 0.00163 -999.00000 -0.00208 0.00263 -0.00845 0.00054 
 208  -0.00272 0.00000 0.00846 -0.00137 0.00660 -0.00590 -999.00000 -0.00124 
 209  -0.00848 0.00242 -0.00431 -999.00000 0.01113 0.01177 -0.00063 -0.00941 
 210  -0.00572 0.00453 0.04780 -999.00000 -0.00096 0.00125 -0.00844 -0.00188 
 211  0.00970 0.00206 0.05235 -0.00491 -0.00000 -0.00189 -0.00286 -0.00487 
 212  -0.00414 -0.00831 0.02114 -0.02075 0.00456 -999.00000 -999.00000 -0.00320 
 213  -0.00303 0.00118 0.01159 -999.00000 0.21278 0.01236 -0.00582 -0.00020 
 214  0.01457 -0.00162 -0.00216 -0.00000 -0.00000 0.00863 0.00284 -0.00773 
 215  0.00019 -0.00123 -0.00217 0.00112 -0.00062 -999.00000 -0.00769 -0.00063 
 216  0.00422 -0.00202 -0.03786 -999.00000 -0.00841 -0.00686 -0.00303 -0.00443 
 217  -999.00000 -0.00149 -0.05887 -999.00000 0.00000 0.54739 -0.00011 -0.00093 
 218  0.00575 0.00485 0.04299 0.00528 0.00126 0.00858 0.00079 0.00080 
 219  0.01365 0.00228 0.00631 -999.00000 -0.00571 -0.00823 0.00149 -0.00397 
 220  -0.01335 0.00095 -0.02162 -999.00000 0.00965 0.00546 0.00011 -0.00239 
 221  0.00083 -0.00275 -0.03705 -0.00190 0.00651 0.00858 -0.00079 0.00017 
 222  0.00879 0.00211 -0.06358 -999.00000 0.00591 -0.00278 0.00310 -0.00332 
 223  0.00021 -0.00054 -0.03487 -999.00000 -0.00029 -0.00432 -0.00415 -0.01697 
 224  0.00659 -0.00124 -0.01167 -999.00000 -0.00059 -0.00142 -0.00753 0.00171 
 225  -0.00552 -0.00632 0.17155 -0.00617 -0.00112 -999.00000 -0.01105 -0.00028 
 226  -0.00089 -0.00398 0.00932 -999.00000 0.00597 0.06571 0.00030 0.00268 
 227  -0.03824 -0.01955 -0.00175 -999.00000 0.00294 -0.00149 -0.01094 0.00453 
 228  -0.00642 -0.00000 0.00104 -0.00000 0.27432 -999.00000 0.00212 0.00033 
 229  0.00265 -0.00230 -0.04270 -999.00000 0.00026 -0.00829 0.01094 0.00093 
 230  -0.00619 -0.01649 0.00063 -999.00000 0.00085 -0.00223 0.00554 -0.00787 
 231  -0.03804 0.00096 -0.02701 0.00261 0.00616 0.00050 0.01377 -0.00000 
 232  -0.06085 -0.00798 0.08252 -0.00000 -0.00026 -0.00141 -0.00072 -0.00088 
 233  -0.05399 0.00759 -0.00073 -999.00000 -0.00298 0.00225 0.01458 -0.00058 
 234  -0.03819 0.01834 0.02612 -999.00000 0.00101 0.00440 0.00232 -0.06459 
 235  -0.05920 -999.00000 0.00572 0.00017 -0.00544 -0.00103 -999.00000 -0.00564 
 236  0.00079 -0.00089 -0.02572 -999.00000 -0.00109 -0.00201 -0.00107 -999.00000 
 237  0.00026 -0.00518 -0.00643 -999.00000 -0.00108 0.00503 -0.00000 -0.00538 
 238  0.00200 -0.00087 0.02342 0.00121 0.00023 -0.00000 -0.00381 0.00401 
 239  -0.00352 -0.00000 -0.00416 -999.00000 0.00070 -0.00144 -0.08217 0.00396 
 240  -0.01660 0.00774 0.00093 -0.00000 -999.00000 -0.00392 -999.00000 0.01354 
 241  -0.00628 0.00164 -0.01281 0.01491 0.00224 0.00021 0.00302 0.01030 
 242  -0.00131 -0.00332 -0.00389 -0.00523 0.00785 -0.00132 0.00311 -0.00235 
 243  0.00745 -0.00238 0.00329 -999.00000 -0.00000 -0.00499 -0.00102 -0.00874 
 244  -0.00000 -0.00240 0.02027 -999.00000 -0.00207 0.00202 -0.00309 -0.00073 
 245  0.00063 -0.00165 -0.00489 0.00211 0.00109 -999.00000 -999.00000 0.02859 
 246  -999.00000 0.00080 -0.00453 -999.00000 -0.00211 -0.00229 -0.00407 0.00402 
 247  -0.00243 -0.00444 -0.00366 -0.00000 -0.00046 -0.00244 -0.00543 0.00063 
 248  -0.00258 -0.01407 -0.00077 0.00044 -0.00220 0.00328 -0.00965 -0.00522 
 249  -0.00175 -0.00313 0.04486 -999.00000 0.00942 -0.00247 0.00214 -0.00467 
 250  0.00035 0.00362 -0.05313 -999.00000 0.00992 -0.01113 -0.00353 0.00329 
 251  -0.00659 -0.00182 -999.00000 -0.00000 -0.00023 -0.00225 0.00271 -0.00213 
 252  0.00213 0.00661 -0.01067 -0.00277 0.00437 -0.00268 -999.00000 -999.00000 
 253  0.00661 0.00178 -0.00031 -999.00000 -0.00047 -0.00153 0.00265 0.00138 
 254  -0.00272 -0.00536 -0.01583 -999.00000 0.00134 -0.00333 0.00073 -0.00181 
 255  -0.00553 0.00595 0.01607 -0.00197 -0.00170 -0.00275 0.00381 -0.00408 
 256  0.01481 -0.00113 0.02101 -999.00000 -0.00542 0.00243 0.00251 0.00129 
 257  -0.10174 -0.00913 -999.00000 -999.00000 0.00071 -999.00000 -999.00000 -999.00000 
 258  -0.07893 -0.00107 -0.06394 0.00014 -0.00039 -999.00000 -999.00000 -999.00000 
 259  -0.08050 0.00665 0.00510 -999.00000 -0.00000 -999.00000 0.00642 -999.00000 
 260  -0.07532 -0.00132 -0.17896 -999.00000 0.00096 -999.00000 -0.00647 -999.00000 
 261  -0.14162 -0.00673 0.04547 -0.00098 -0.00017 -0.00505 -0.00013 0.00000 
 262  -0.14821 0.00077 0.00428 -999.00000 0.00539 0.00204 -0.00447 -0.00370 
 263  -0.13775 0.00037 -0.00718 -999.00000 -0.00018 -999.00000 0.00041 -0.00255 
 264  -0.09758 -0.00157 -0.01213 0.00111 -0.00017 -999.00000 0.00073 -0.00447 
 265  -0.06098 -0.00030 -0.02568 -0.00485 0.00113 0.00016 0.00602 0.00180 
 266  -0.19652 -0.01152 -0.02211 -999.00000 0.00341 -0.00073 -0.01706 -0.00162 
 267  -0.10101 -0.00028 -0.03816 -999.00000 0.00514 -0.00000 0.00060 -0.12485 
 268  -0.09625 -0.00590 -0.02337 0.00029 -0.00894 0.00018 -0.00372 -0.00139 
 269  -0.03985 -0.01047 -0.00485 -999.00000 0.00039 -0.00111 0.01165 0.00126 
 270  -0.19283 0.00035 -999.00000 -999.00000 0.00257 -0.00000 0.01680 -0.00150 
 271  -999.00000 -0.00062 0.00514 0.00062 -0.00765 0.00459 0.01116 0.00254 
 272  -0.15467 -0.00957 -0.02832 -0.00083 0.00028 -0.00131 -0.01455 0.01184 
 273  -0.26125 -0.00103 -0.00261 -0.00000 -0.00501 -999.00000 0.01149 0.00523 
 274  -0.18941 0.00029 -0.00155 -999.00000 -0.00118 0.00123 0.00368 -0.00349 
 275  -0.12908 -0.01287 -0.00000 0.00118 0.00016 -0.00059 0.00143 0.00038 
 276  -0.18452 -0.00706 -0.00240 -999.00000 -0.00600 -0.00219 0.00515 -0.00112 
 277  -0.13563 -0.00145 0.05252 -999.00000 -0.00018 -999.00000 -0.05459 0.00049 
 278  -0.08937 -0.00623 -0.02326 -0.00592 -0.00050 -0.00230 0.00855 -0.00475 
 279  -0.17143 0.00394 -0.04135 -999.00000 -0.00340 0.00065 -0.00169 0.00088 
 280  -0.20805 -0.00312 0.00722 -999.00000 0.01291 -999.00000 0.00167 -0.00880 
 281  -0.04247 -0.01062 -0.07160 0.00084 0.00032 -0.00737 -0.00186 0.00629 
 282  0.04851 -0.00300 0.05015 0.00262 0.00514 0.00249 0.00425 -0.00363 
 283  -0.17910 -0.00080 -0.00393 -999.00000 0.00586 -0.00000 0.00098 -0.00363 
 284  -0.14806 -0.00350 -0.00279 -999.00000 -0.00274 0.00100 0.00118 0.02448 
 285  -0.10639 0.00543 -0.03986 0.00070 0.00078 -0.00109 -0.01294 0.00297 
 286  -0.20366 -0.00000 0.03233 0.00923 -0.00303 0.01239 -0.00338 0.00587 
 287  -0.01309 0.00495 0.00360 -999.00000 0.00080 -0.00000 -0.00104 0.00248 
 288  -999.00000 0.00147 0.00449 0.00022 0.00029 -0.00328 -0.00000 -0.00119 
 289  -0.15377 0.00794 -0.01476 -0.00418 -0.00076 -0.00927 0.00219 0.00052 
 290  -0.34444 -0.00981 -0.02106 -999.00000 -0.00984 -999.00000 0.00186 0.00161 
 291  -0.15550 -0.00970 -0.05418 -999.00000 -0.00669 -0.00220 -0.00335 -0.01006 
 292  -0.13885 0.00283 -0.01175 0.00314 0.00070 0.00232 0.00095 0.08286 
 293  -0.11105 -0.00084 -0.02818 -999.00000 0.00011 -0.00000 -0.00298 -0.00070 
 294  -0.23609 0.00768 -0.01082 -999.00000 -0.00426 0.00675 -0.00268 0.00300 
 295  -0.16246 0.00195 0.01241 -0.00155 0.00196 -0.00024 -0.11298 -0.01082 
 296  -0.13143 -0.00329 -0.04565 -999.00000 -0.00322 0.00287 -0.00072 0.01471 
 297  -0.20549 -0.01012 -0.05624 -0.00000 0.00335 -999.00000 0.00065 -0.00023 
 298  -0.09267 -0.00267 -0.03327 0.00899 -0.00118 0.00023 -0.00560 0.01191 
 299  -0.02931 0.00181 -0.00000 -0.00027 -0.00257 -0.00117 -0.00622 0.02048 
 300  -0.07045 0.00326 0.00741 -0.00000 0.00588 -999.00000 0.00807 0.00079 
 301  -0.15217 0.00398 0.01256 -0.00279 0.00221 -0.00414 -0.01116 -0.00086 
 302  -0.07148 0.00023 -0.02817 0.00411 0.00102 -0.00922 0.00761 0.00280 
 303  -0.24132 -0.00000 0.00229 -999.00000 -0.00048 -0.00000 -0.00257 -0.01096 
 304  -0.14574 0.00051 -0.00256 -0.00000 0.00101 -0.00319 0.00032 0.00111 
 305  -0.18640 -0.00899 0.00151 -0.00351 -999.00000 0.00293 -0.01345 0.00639 
 306  -0.06471 -0.00269 -0.00472 -999.00000 0.00009 -0.00000 0.00192 -0.00033 
 307  -0.22638 -0.00265 0.00016 -999.00000 -0.00699 -999.00000 0.00081 0.00155 
 308  -0.21924 -0.00556 -0.01948 0.00030 0.00036 0.00641 0.00152 0.00282 
 309  -0.00000 0.00591 -0.03611 -0.00035 -0.00199 -0.00279 -0.01078 0.00309 
 310  -0.22286 0.00042 -0.00272 -999.00000 0.00165 -999.00000 -0.00435 0.00116 
 311  -0.00316 -0.00225 -999.00000 -0.00097 0.00182 -0.00049 0.00243 -0.01756 
 312  -0.14618 -0.00131 -0.02051 -0.00116 -0.00188 -0.00076 0.00054 0.00172 
 313  -0.00000 0.00061 0.00124 -999.00000 -0.00278 -0.00000 -0.00297 0.00220 
 314  -0.13668 -0.00140 -0.05318 -999.00000 -0.00000 0.00400 0.01590 0.00686 
 315  0.21557 0.00467 -999.00000 -0.00234 -0.00267 -0.00026 -0.00192 0.00011 
 316  -0.21374 -0.00063 -0.00170 -999.00000 0.00019 -999.00000 -0.00017 -0.00651 
 317  -0.18762 0.00306 0.00297 -999.00000 0.00503 -0.00161 -0.00117 -0.00126 
 318  -0.07528 -0.00142 -0.04536 -0.00655 -999.00000 -0.00031 -0.00067 0.00285 
 319  -999.00000 -0.00532 0.00552 -999.00000 0.00281 -0.00549 0.00000 0.00011 
 320  -999.00000 -0.00077 -0.02221 -999.00000 -0.00486 -999.00000 -0.01136 0.00181 
 321  -999.00000 0.00189 -999.00000 -0.00665 -0.00140 -999.00000 -999.00000 -0.00109 
 322  -999.00000 -0.00652 0.01896 0.00125 -0.00713 -999.00000 -999.00000 0.00097 
 323  -0.21089 -0.00060 -0.00870 -999.00000 0.00546 -999.00000 0.00692 0.00390 
 324  -0.00270 0.00065 0.01864 -999.00000 -0.00031 -999.00000 -999.00000 0.00609 
 325  -0.17890 -0.00043 0.00753 0.00077 0.00461 -999.00000 -0.00378 0.00329 
 326  -0.13731 0.00213 -0.02465 -999.00000 0.00021 -999.00000 -999.00000 0.00506 
 327  -999.00000 0.00022 -0.00830 -999.00000 -0.00219 -0.00000 -999.00000 0.00965 
 328  -0.15843 -0.00492 0.00264 0.00268 -0.00085 -0.00395 0.00017 0.00179 
 329  -0.24773 -0.00412 -0.00031 -0.00728 -0.00019 -0.00077 -0.01162 0.00376 
 330  -0.07468 0.00280 0.01895 -0.00000 -0.00088 -999.00000 -0.02341 -0.00172 
 331  0.06809 -0.00802 0.00413 0.00725 0.00097 -0.00077 -0.01371 -0.00417 
 332  -0.07799 -0.00672 0.00180 -0.00543 -0.00026 0.00064 -0.00163 -0.00281 
 333  -0.20387 -0.00185 -0.00243 -999.00000 -0.01202 -999.00000 -0.00846 0.00595 
 334  -0.05478 -0.00612 -0.02375 0.00577 -0.00114 -0.00129 -0.00377 0.00139 
 335  -0.31111 -0.00721 -0.02778 -0.00904 -0.00123 0.00756 0.00157 -0.00049 
 336  -0.62879 0.00098 0.02640 -999.00000 -999.00000 -999.00000 -0.00846 -0.00528 
 337  -0.29577 -0.00383 -0.00417 -999.00000 -0.00100 -999.00000 0.00076 0.00237 
 338  -0.50427 0.00427 -0.00464 0.00043 -0.00139 0.00000 -0.00982 -0.00136 
 339  -0.30631 -0.00722 -999.00000 -999.00000 0.00009 -999.00000 0.00189 0.00405 
 340  -999.00000 -0.00241 -0.00303 -0.00000 -0.00259 -999.00000 -0.00121 -0.00762 
 341  -999.00000 0.00137 0.01675 -0.00202 0.00471 0.01524 -0.00137 0.00391 
 342  -999.00000 0.00364 -0.06137 -999.00000 -0.00183 -0.00000 0.00992 0.00035 
 343  -999.00000 -0.00063 -0.02453 -999.00000 0.00122 -999.00000 -0.00369 -0.00276 
 344  -999.00000 -999.00000 -0.00107 -999.00000 -0.00000 -0.00255 0.00121 -999.00000 
 345  -999.00000 -0.01735 -0.09008 0.06944 -0.00091 0.00207 -0.00025 0.00364 
 346  -999.00000 0.00108 0.02656 -0.00000 0.00054 -0.00000 -0.00304 -999.00000 
 347  -999.00000 0.00125 -0.00354 -0.00128 -0.00560 0.01431 -0.00399 0.00109 
 348  -999.00000 0.00372 0.00107 -0.00433 0.00061 0.02618 -0.01061 0.00458 
 349  -999.00000 -0.00201 -0.01650 -999.00000 0.00313 -999.00000 0.02882 0.00354 
 350  -999.00000 -0.00160 -0.00203 -999.00000 0.00253 -0.01393 -0.00685 0.00347 
 351  -999.00000 -0.00265 0.00144 -0.00150 0.13823 -0.00000 0.00053 0.01007 
 352  -999.00000 -0.00016 -999.00000 -999.00000 0.00024 -0.00581 0.00228 0.00634 
 353  -999.00000 0.00186 -0.00791 -999.00000 0.00187 -999.00000 -0.02297 0.00196 
 354  -999.00000 -0.00754 0.00974 0.01410 -0.00118 0.00078 -0.00770 0.00263 
 355  -999.00000 -0.00293 0.04215 0.00106 0.00205 0.00665 0.00519 0.00060 
 356  -999.00000 -0.00000 0.00688 -999.00000 -0.00109 -999.00000 -0.00313 0.00537 
 357  -999.00000 0.00072 -0.00324 -0.00255 -0.00893 -0.00139 0.00048 0.00095 
 358  -999.00000 0.00443 0.00161 -0.00547 -0.00955 -0.00000 -0.00166 0.00009 
 359  -999.00000 -0.00917 -0.00246 -0.00000 -0.01112 -999.00000 0.00092 -0.03272 
 360  -999.00000 -0.00238 0.01078 -999.00000 0.00098 -0.00285 -0.02570 0.00290 
 361  -999.00000 0.00032 0.00407 -0.00385 0.00098 0.00907 0.00000 0.00337 
 362  -999.00000 0.00413 -999.00000 -999.00000 -0.00286 -0.00132 -0.02763 -0.00100 
 363  -999.00000 0.00408 0.00728 -999.00000 -0.00167 -999.00000 -0.00095 -999.00000 
 364  -999.00000 0.00453 0.01070 0.02775 0.00300 -0.01308 -0.03785 -0.00532 
 365  -999.00000 0.00000 0.02091 0.00824 0.00379 0.00129 0.00579 -999.00000 
 366  -999.00000 0.00216 0.02319 -999.00000 -0.00007 -999.00000 -0.00623 0.00168 
 367  -999.00000 -0.00061 0.00455 -0.00121 0.00336 0.00275 -0.00174 0.00094 
 368  -999.00000 -0.00000 -0.00710 -0.02078 0.00236 -0.00504 -0.11615 -0.00017 
 369  -999.00000 -0.00176 -0.00259 -999.00000 0.00162 -999.00000 0.00236 0.00435 
 370  -999.00000 0.00285 0.01036 -999.00000 -0.00172 0.00317 -0.02509 -0.00028 
 371  -999.00000 -0.00043 -999.00000 0.00000 0.00023 0.00170 0.00035 -0.00137 
 372  -999.00000 0.00303 0.00055 -999.00000 0.00090 -0.00000 -0.00334 0.00936 
 373  -999.00000 0.00315 0.00818 -999.00000 -0.00114 -0.00000 -0.01483 -0.00139 
 374  -999.00000 -0.00229 0.01005 0.00147 0.00646 0.00631 -0.02433 0.00042 
 375  -999.00000 -0.00339 -999.00000 -0.00000 -999.00000 -999.00000 -0.01281 0.00615 
 376  -999.00000 -0.00014 0.00860 -0.00000 0.00057 -0.00000 -0.00207 0.00419 
 377  -999.00000 0.00000 0.00303 -0.01322 -0.00092 0.00212 -0.00780 0.00703 
 378  -999.00000 0.00060 0.00872 -999.00000 0.00027 -0.00000 -0.01878 -0.00042 
 379  -999.00000 -0.00236 -0.00206 -999.00000 -0.00070 -999.00000 0.00036 0.00248 
 380  -999.00000 -0.00448 -0.00000 -999.00000 0.00048 -0.01131 -999.00000 0.00283 
 381  -999.00000 -999.00000 0.01225 -0.00000 -0.00266 0.00437 -0.00339 0.00128 
 382  -999.00000 -0.00132 -0.00398 -999.00000 0.00044 -0.00000 -0.00416 0.00250 
 383  -999.00000 0.00070 0.00054 -0.00000 0.01400 0.00604 0.00187 0.00656 
 384  -999.00000 -0.00504 0.00033 -999.00000 0.00158 -0.00085 0.00137 -0.00193 
 385  -999.00000 -0.00471 0.01047 -999.00000 -0.00447 0.00804 -0.00222 0.00808 
 386  -999.00000 -999.00000 -999.00000 -999.00000 -999.00000 -0.00107 -999.00000 -999.00000 
 387  -999.00000 -0.00483 0.00428 -999.00000 -999.00000 -0.00963 -0.00413 0.00448 
 388  -999.00000 0.00328 0.00070 -999.00000 -0.00424 -0.00000 0.00843 -999.00000 
 389  -999.00000 -999.00000 -0.00304 -0.00000 -0.00980 -999.00000 0.00000 -0.00306 
 390  -999.00000 -0.00455 -0.00410 -999.00000 0.00282 -0.00108 0.00397 0.00496 
 391  -999.00000 0.00324 0.00312 -999.00000 0.00058 -0.00333 -0.00360 0.00039 
 392  -999.00000 0.00210 -999.00000 -999.00000 -0.00233 -999.00000 0.00997 0.00751 
 393  -999.00000 0.00035 0.01263 -0.00000 0.00133 -0.00206 -0.00280 -0.01243 
 394  -999.00000 -0.01197 0.00669 -999.00000 0.00021 -0.00368 -0.00000 0.01125 
 395  -999.00000 0.00083 -999.00000 -999.00000 0.00584 -0.00105 -0.01449 0.00172 
 396  -999.00000 0.00023 -0.00386 -999.00000 -0.00488 -999.00000 -0.06510 0.00129 
 397  -999.00000 -0.00570 0.00663 -999.00000 0.00534 -0.00219 -0.01300 0.00365 
 398  -999.00000 -0.00210 -0.00187 -999.00000 0.00023 -0.00000 0.00165 -0.00242 
 399  -999.00000 -0.01127 -0.00202 -0.00000 0.00093 -999.00000 -0.06386 0.00364 
 400  -999.00000 -0.00340 -0.00053 -999.00000 -0.00408 -999.00000 0.00162 0.00186 
 401  -999.00000 -0.00379 0.00923 -999.00000 -0.00313 0.00894 0.00085 0.00110 
 402  -999.00000 -0.00804 -999.00000 -0.00000 -0.00023 -999.00000 0.00268 0.00035 
 403  -999.00000 -0.00542 0.01090 -0.00000 0.01055 0.00800 -0.00952 -0.00250 
 404  -999.00000 -0.00614 -0.00212 -999.00000 0.00515 -0.00146 0.00737 0.01310 
 405  -999.00000 -0.00134 0.00323 -999.00000 0.00249 0.00588 0.00309 -0.00135 
 406  -999.00000 -0.00278 0.00858 -999.00000 -0.00212 -999.00000 0.00136 0.01208 
 407  -999.00000 -0.01093 0.00460 -999.00000 0.00271 0.00625 0.00141 0.00342 
 408  -999.00000 -0.00190 -0.01120 -0.00000 -0.00136 0.01489 0.00537 0.00057 
 409  -999.00000 0.00141 0.01849 -0.00000 -0.00580 -999.00000 0.01037 0.00377 
 410  -0.00000 -0.00080 0.00445 -999.00000 -999.00000 0.04727 -0.00580 0.01111 
 411  -999.00000 -0.00504 0.00300 -999.00000 -0.00046 -0.12762 0.00465 0.00052 
 412  -999.00000 0.00639 0.00860 -999.00000 0.00069 -999.00000 0.00968 -0.00178 
 413  -999.00000 -0.00746 0.00465 -999.00000 -0.00285 -0.00750 -0.08148 0.00045 
 414  -999.00000 -0.00439 -0.00608 -999.00000 0.12000 -0.00471 0.04865 0.00046 
 415  -999.00000 -0.00059 -999.00000 -999.00000 -0.00190 -999.00000 0.00198 0.00119 
 416  -999.00000 0.00630 0.00689 -999.00000 -0.00104 -999.00000 -0.00000 0.00326 
 417  -999.00000 0.00097 -0.00123 -999.00000 -0.00313 0.01558 -999.00000 0.00254 
 418  -999.00000 -0.00230 -999.00000 -999.00000 -0.00185 -999.00000 -999.00000 -0.00028 
 419  -999.00000 0.00113 0.00597 -999.00000 0.00897 -999.00000 -999.00000 -0.00028 
 420  -999.00000 -0.00683 0.00332 -999.00000 0.00204 -999.00000 -999.00000 -0.00257 
 421  -999.00000 -0.00140 0.01224 -999.00000 0.00388 -999.00000 -999.00000 0.00237 
 422  -999.00000 -0.01356 0.00100 -999.00000 0.09292 -999.00000 -999.00000 0.00233 
 423  -999.00000 0.00240 -0.00285 -999.00000 0.00677 -999.00000 -999.00000 0.00390 
 424  -999.00000 -0.00213 -0.00442 -999.00000 0.00110 -999.00000 -999.00000 -0.00040 
 425  -999.00000 -0.00719 -999.00000 -999.00000 0.00361 -999.00000 -999.00000 -0.01013 
 426  -999.00000 -0.00010 -0.00402 -999.00000 -0.00117 -999.00000 -999.00000 0.00118 
 427  -999.00000 -0.00334 -0.00233 -999.00000 0.00345 -999.00000 -999.00000 -0.00745 
 428  -999.00000 0.00363 0.00353 -999.00000 -0.00355 -999.00000 -999.00000 0.00098 
 429  -999.00000 0.00507 0.00100 -999.00000 0.00321 -999.00000 -999.00000 0.00313 
 430  -999.00000 -0.00139 0.00130 -999.00000 -999.00000 -999.00000 -999.00000 0.00805 
 431  -999.00000 -0.00000 -0.00268 -999.00000 0.00379 -999.00000 -999.00000 0.00364 
 432  -999.00000 -0.00330 -999.00000 -999.00000 0.00307 -999.00000 -999.00000 0.00089 
 433  -999.00000 -0.00404 0.00234 -999.00000 -999.00000 -999.00000 -999.00000 0.00044 
 434  -999.00000 0.00019 -0.00077 -999.00000 0.00040 -999.00000 -999.00000 0.00443 
 435  -999.00000 -0.00072 0.00404 -0.00000 -0.00242 -999.00000 -999.00000 -0.00217 
 436  -999.00000 -0.00196 -0.00159 -0.00000 -0.00093 -999.00000 -999.00000 -0.00000 
 437  -999.00000 -0.00224 -0.00031 -999.00000 -0.00226 -999.00000 -999.00000 0.00183 
 438  -999.00000 -0.00652 -0.00316 -0.00000 0.00763 -999.00000 -999.00000 -0.00319 
 439  -999.00000 -0.01002 -0.00776 -999.00000 0.00130 -999.00000 -999.00000 0.01022 
 440  -999.00000 0.00106 0.00116 -999.00000 -0.00130 -999.00000 -999.00000 0.00185 
 441  -999.00000 -0.00020 -0.00712 -999.00000 0.00589 -999.00000 -999.00000 -0.00203 
 442  -999.00000 -0.00504 -0.00045 -999.00000 -0.01072 -999.00000 -999.00000 -0.00345 
 443  -999.00000 0.00583 0.00123 -999.00000 0.00500 -999.00000 -999.00000 0.01974 
 444  -999.00000 -0.00149 -0.00247 -999.00000 0.00036 -999.00000 -999.00000 0.00000 
 445  -999.00000 -0.00440 -0.00607 -0.00000 0.00115 -999.00000 -999.00000 -0.00164 
 446  -999.00000 -0.00270 0.00056 -0.00000 0.00219 -999.00000 -999.00000 -0.04660 
 447  -999.00000 0.00051 0.00060 -999.00000 0.00174 -0.00000 -999.00000 -999.00000 
 448  -999.00000 -0.00275 -0.10295 -999.00000 0.00125 -999.00000 -999.00000 0.00889 
 449  -999.00000 -999.00000 -999.00000 -999.00000 -999.00000 -999.00000 -999.00000 -999.00000 
 450  -999.00000 -999.00000 -0.00083 -999.00000 -999.00000 -999.00000 -999.00000 -999.00000 
 451  -999.00000 -999.00000 -999.00000 -999.00000 -999.00000 -0.00000 -0.00000 -999.00000 
 452  -999.00000 -999.00000 -999.00000 -999.00000 0.00028 -999.00000 -999.00000 -999.00000 
 453  -999.00000 -0.00000 -0.00178 -0.00000 -0.00041 -999.00000 -999.00000 -999.00000 
 454  -999.00000 0.00135 0.00051 -999.00000 -0.00034 -999.00000 -999.00000 -999.00000 
 455  -999.00000 -0.00072 -0.00730 -999.00000 -0.00141 -999.00000 -999.00000 -999.00000 
 456  -999.00000 0.00309 0.00181 -999.00000 0.00018 -999.00000 -999.00000 -999.00000 
 457  -999.00000 0.00022 -0.00035 -999.00000 0.00000 -999.00000 -999.00000 -999.00000 
 458  -999.00000 -0.00040 -0.00030 -999.00000 -0.00180 -999.00000 -999.00000 -999.00000 
 459  -999.00000 0.00362 -0.00133 -999.00000 -0.00262 -999.00000 -999.00000 -999.00000 
 460  -999.00000 0.00200 -0.00043 -999.00000 -0.00231 -0.00000 -0.00000 -999.00000 
 461  -999.00000 0.00283 0.00970 -999.00000 0.00155 -999.00000 -0.00000 -999.00000 
 462  -999.00000 0.00068 -0.00270 -999.00000 -0.00068 -999.00000 -0.00000 -999.00000 
 463  -999.00000 0.00076 -0.00226 -999.00000 -0.00067 -0.00000 -0.00000 -999.00000 
 464  -999.00000 -999.00000 0.00128 -999.00000 -999.00000 -999.00000 -999.00000 -999.00000 
 465  -999.00000 -0.00010 -999.00000 -999.00000 -0.04276 -999.00000 -999.00000 -999.00000 
 466  -999.00000 -0.01035 -0.01077 -999.00000 -0.00037 -999.00000 -999.00000 -999.00000 
 467  -999.00000 -0.00020 -0.00160 -999.00000 -999.00000 -999.00000 -0.00000 -0.00000 
 468  -999.00000 -999.00000 -0.00165 -999.00000 -999.00000 -999.00000 -999.00000 -0.00000 
 469  -999.00000 0.00115 -999.00000 -999.00000 0.00726 -999.00000 -999.00000 -0.00000 
 470  -999.00000 -0.00426 0.00670 -999.00000 -0.00139 -0.00000 -999.00000 -999.00000 
 471  -999.00000 0.00071 -0.00098 -999.00000 -0.00103 -999.00000 -0.00000 -0.00000 
 472  -999.00000 0.00421 -999.00000 -999.00000 -0.00138 -999.00000 -0.00000 -999.00000 
 473  -999.00000 -0.00469 0.00161 -999.00000 -0.00241 -999.00000 -0.00000 -999.00000 
 474  -999.00000 0.00544 -0.00250 -999.00000 0.00184 -999.00000 -999.00000 -999.00000 
 475  -999.00000 -999.00000 -0.00323 -999.00000 0.00390 -999.00000 -0.10000 -0.00000 
 476  -999.00000 0.00210 0.00912 -999.00000 0.01458 -999.00000 -999.00000 -0.00000 
 477  -999.00000 -0.00009 -0.00214 -999.00000 -999.00000 -999.00000 -999.00000 -999.00000 
 478  -999.00000 -999.00000 0.00251 -999.00000 -999.00000 -999.00000 -999.00000 -999.00000 
 479  -999.00000 -999.00000 0.00096 -999.00000 -999.00000 -999.00000 -999.00000 -999.00000 
 480  -999.00000 0.00288 0.00048 -999.00000 -999.00000 -0.00000 -0.00000 -999.00000 
 481  -999.00000 0.00777 -0.00066 -999.00000 -999.00000 -999.00000 -999.00000 -0.00000 
 482  -999.00000 -999.00000 -999.00000 -999.00000 -999.00000 -999.00000 -999.00000 -0.00000 
 483  -999.00000 -0.00352 -0.00093 -999.00000 -999.00000 -999.00000 -0.00000 -999.00000 
 484  -0.10000 0.00115 0.01711 -999.00000 -999.00000 -999.00000 -0.00000 -0.00000 
 485  -999.00000 0.00009 -999.00000 -999.00000 -999.00000 -999.00000 -0.00000 -0.00000 
 486  -999.00000 0.00336 0.00039 -999.00000 -999.00000 -999.00000 -0.00000 -0.00000 
 487  -999.00000 0.00010 -0.00226 -999.00000 -0.00000 -999.00000 -999.00000 -0.00000 
 488  -999.00000 0.00068 -0.00284 -999.00000 -999.00000 -999.00000 -999.00000 -0.00000 
 489  -999.00000 0.00257 -0.00366 -999.00000 -999.00000 -999.00000 -999.00000 -999.00000 
 490  -999.00000 0.00297 -0.04304 -999.00000 -999.00000 -999.00000 -999.00000 -999.00000 
 491  -999.00000 0.00074 0.00151 -999.00000 -999.00000 -999.00000 -999.00000 -999.00000 
 492  -999.00000 0.00288 -0.00602 -999.00000 -999.00000 -999.00000 -0.00000 -999.00000 
 493  -999.00000 0.00659 -0.00015 -999.00000 -999.00000 -999.00000 -999.00000 -999.00000 
 494  -999.00000 -999.00000 0.00239 -0.00000 -0.00000 -0.00000 -999.00000 -999.00000 
 495  -0.00000 -0.00568 -999.00000 -999.00000 -0.00000 -0.00000 -999.00000 -999.00000 
 496  -999.00000 -999.00000 0.00024 -999.00000 -0.00000 -999.00000 -0.00000 -999.00000 
 497  -999.00000 0.00254 -0.00234 -999.00000 -999.00000 -999.00000 -0.00000 -999.00000 
 498  -999.00000 -0.00134 -999.00000 -999.00000 -999.00000 -999.00000 -999.00000 -999.00000 
 499  -999.00000 -0.00085 -999.00000 -999.00000 -999.00000 -999.00000 -0.00000 -999.00000 
 500  -999.00000 -999.00000 -0.00004 -999.00000 -999.00000 -0.00000 -999.00000 -0.00000 
 501  -999.00000 -0.00273 -999.00000 -999.00000 -0.00000 -999.00000 -999.00000 -999.00000 
 502  -999.00000 -0.00259 -999.00000 -999.00000 -0.00000 -999.00000 -0.00000 -999.00000 
 503  -999.00000 0.00649 -0.00504 -999.00000 -999.00000 -0.00000 -999.00000 -0.00000 
 504  -999.00000 -0.00649 -999.00000 -999.00000 -0.00000 -0.00000 -999.00000 -999.00000 
 505  -999.00000 0.00255 -0.00209 -999.00000 -0.00000 -999.00000 -999.00000 -999.00000 
 506  -999.00000 0.00241 0.00110 -999.00000 -999.00000 -999.00000 -999.00000 -999.00000 
 507  -999.00000 0.00083 0.00147 -999.00000 -999.00000 -999.00000 -0.00000 -999.00000 
 508  -999.00000 0.01085 -999.00000 -999.00000 -999.00000 -999.00000 -999.00000 -999.00000 
 509  -999.00000 -0.00133 -0.00007 -999.00000 -999.00000 -999.00000 -999.00000 -0.00000 
 510  -999.00000 0.00525 -0.00660 -999.00000 -999.00000 -999.00000 -999.00000 -0.00000 
 511  -999.00000 0.00247 -999.00000 -999.00000 -999.00000 -999.00000 -999.00000 -999.00000 
 512  -999.00000 -0.00344 -999.00000 -999.00000 -999.00000 -999.00000 -999.00000 -999.00000 
