 1  2.70000 2.70000 2.70000 2.70000 2.70000 2.70000 2.70000 2.70000 
 2  -0.87615 2.70000 2.70000 2.70000 2.70000 2.70000 1.60000 2.70000 
 3  -0.97960 2.70000 2.70000 0.60000 2.70000 2.70000 2.00000 -999.00000 
 4  -1.06145 2.70000 2.70000 2.70000 2.70000 2.70000 2.70000 -1.00000 
 5  -999.00000 -999.00000 -0.20000 -999.00000 2.70000 2.70000 2.70000 2.70000 
 6  -0.59593 -999.00000 -999.00000 -999.00000 2.70000 2.70000 2.70000 2.70000 
 7  -0.19906 -999.00000 -999.00000 2.70000 2.70000 2.70000 2.70000 2.70000 
 8  -0.61086 -999.00000 -999.00000 2.70000 2.70000 2.70000 1.80000 -1.60000 
 9  -0.76279 1.60000 -999.00000 -999.00000 2.70000 2.70000 -1.80000 2.70000 
 10  -0.59741 0.60000 -999.00000 -999.00000 2.70000 2.70000 1.00000 -999.00000 
 11  2.70000 -999.00000 -999.00000 1.60000 2.70000 2.70000 0.60000 -999.00000 
 12  -999.00000 -999.00000 -999.00000 0.26909 2.70000 0.60000 -0.20000 -999.00000 
 13  -0.56175 -999.00000 2.70000 0.73034 2.70000 0.40000 -0.80000 -999.00000 
 14  -0.52730 -999.00000 2.70000 2.70000 2.70000 2.70000 2.70000 -999.00000 
 15  -999.00000 -999.00000 -3.20000 0.50612 2.70000 2.70000 2.70000 0.20000 
 16  -0.76321 -999.00000 -2.80000 0.62305 2.70000 2.70000 2.70000 -999.00000 
 17  -0.53981 -999.00000 -999.00000 -999.00000 0.80000 2.70000 2.70000 -999.00000 
 18  0.79652 -999.00000 -999.00000 2.70000 2.70000 2.70000 2.70000 0.80000 
 19  -0.78836 -999.00000 2.70000 0.42474 -1.60000 2.70000 2.70000 -0.60000 
 20  -0.62349 -999.00000 2.70000 0.50161 -1.80000 2.70000 2.00000 0.20000 
 21  -0.56802 -999.00000 -999.00000 -999.00000 2.70000 2.70000 -999.00000 0.20000 
 22  -0.98611 -999.00000 -999.00000 0.18942 2.70000 -2.40000 1.70000 2.70000 
 23  -0.56528 -999.00000 -999.00000 0.26534 2.70000 -999.00000 -999.00000 0.80000 
 24  -0.41487 -999.00000 -999.00000 -999.00000 2.70000 2.70000 -999.00000 1.60000 
 25  0.24119 -999.00000 -999.00000 -999.00000 2.70000 1.20000 -999.00000 2.70000 
 26  -999.00000 -999.00000 -999.00000 0.23170 1.40000 2.70000 -0.40000 2.70000 
 27  -0.57382 -999.00000 2.70000 -999.00000 2.70000 2.70000 -0.20000 2.70000 
 28  -0.60188 -999.00000 -999.00000 -999.00000 -2.80000 2.70000 2.70000 2.70000 
 29  -0.34057 -999.00000 2.70000 0.23666 -999.00000 2.70000 2.70000 2.70000 
 30  -0.56603 -999.00000 -999.00000 0.42249 -999.00000 -1.20000 2.70000 0.40000 
 31  -0.59245 -999.00000 -999.00000 -999.00000 -999.00000 -2.00000 2.70000 -0.00000 
 32  -999.00000 -999.00000 -999.00000 -999.00000 2.70000 -1.80000 1.20000 -999.00000 
 33  -0.59938 -999.00000 -999.00000 0.19582 -1.80000 2.70000 2.40000 -0.00000 
 34  -0.77234 -999.00000 -999.00000 -999.00000 -999.00000 -2.60000 -0.40000 0.80000 
 35  0.23907 -1.00000 2.70000 -999.00000 -999.00000 -0.20000 1.00000 -999.00000 
 36  0.43029 -999.00000 -999.00000 0.60355 2.70000 -1.20000 -999.00000 -0.60000 
 37  -0.36168 -999.00000 2.70000 0.40784 -1.00000 -0.60000 2.80000 1.80000 
 38  -999.00000 -999.00000 2.70000 -999.00000 2.60000 2.70000 -0.40000 -2.60000 
 39  -0.73871 -999.00000 -999.00000 -0.17275 2.70000 2.70000 -1.00000 -1.60000 
 40  -0.34545 -999.00000 -999.00000 0.32157 1.00000 -999.00000 2.70000 -1.40000 
 41  -0.58099 -999.00000 2.70000 0.32537 -999.00000 -999.00000 2.70000 -0.80000 
 42  -0.55245 -999.00000 2.70000 -999.00000 -999.00000 0.40000 2.70000 -0.80000 
 43  -0.57941 -999.00000 -999.00000 0.23812 -999.00000 2.70000 1.80000 2.70000 
 44  -0.39303 -999.00000 -999.00000 0.45098 0.93333 2.70000 2.70000 1.00000 
 45  0.79004 -999.00000 -999.00000 -999.00000 -999.00000 -999.00000 1.20000 1.80000 
 46  -0.33584 -999.00000 -999.00000 0.18671 -999.00000 -999.00000 2.20000 -999.00000 
 47  -0.21965 -999.00000 -999.00000 -999.00000 -999.00000 -999.00000 -999.00000 -999.00000 
 48  -0.60748 -999.00000 -999.00000 -999.00000 -999.00000 -999.00000 -999.00000 -999.00000 
 49  -0.40888 -1.60000 2.70000 0.23250 -999.00000 2.08000 -999.00000 -999.00000 
 50  -0.14429 -0.60000 -999.00000 0.22665 -999.00000 -999.00000 -999.00000 -0.00000 
 51  -0.61535 2.80000 -999.00000 -999.00000 -999.00000 -999.00000 -999.00000 -999.00000 
 52  -0.40559 -999.00000 -999.00000 -999.00000 -999.00000 -999.00000 2.70000 2.70000 
 53  -0.59593 -999.00000 -999.00000 0.21334 -999.00000 -999.00000 2.70000 -999.00000 
 54  -0.82540 -999.00000 -999.00000 -0.36429 -999.00000 0.48679 2.70000 -999.00000 
 55  -999.00000 -999.00000 -999.00000 0.78554 -999.00000 -999.00000 -999.00000 -999.00000 
 56  -0.44798 -999.00000 -999.00000 -0.06234 -999.00000 -0.08364 -999.00000 -999.00000 
 57  -0.73898 -999.00000 -999.00000 0.34426 -999.00000 0.66122 -0.12727 -999.00000 
 58  -999.00000 -999.00000 2.70000 -0.44727 -999.00000 2.70000 0.08889 -999.00000 
 59  -0.55215 -999.00000 2.70000 -999.00000 -999.00000 1.02752 0.12571 -999.00000 
 60  -0.55473 -999.00000 -999.00000 0.55078 -999.00000 0.58523 0.12800 0.16667 
 61  -0.53914 -999.00000 -999.00000 -999.00000 -999.00000 -1.00000 0.56260 -999.00000 
 62  -0.75510 -999.00000 -999.00000 -999.00000 -999.00000 0.76667 0.20805 -999.00000 
 63  2.70000 -999.00000 -999.00000 0.21973 -999.00000 0.83556 0.57633 -999.00000 
 64  -0.59024 -999.00000 -999.00000 -999.00000 -999.00000 0.62523 0.65641 -999.00000 
 65  2.70000 -999.00000 -999.00000 -999.00000 -999.00000 0.66148 0.45914 -999.00000 
 66  2.70000 -999.00000 -999.00000 2.70000 -999.00000 0.50204 2.70000 -999.00000 
 67  2.70000 -999.00000 -999.00000 0.17705 -999.00000 0.57815 0.21790 -999.00000 
 68  -999.00000 -999.00000 -999.00000 -999.00000 -999.00000 0.62696 0.49220 -999.00000 
 69  -0.79257 -999.00000 -999.00000 2.70000 -0.60000 0.22429 0.43567 -999.00000 
 70  -0.54662 -999.00000 -999.00000 0.36122 -1.00000 0.19380 0.45645 -999.00000 
 71  -0.77247 -999.00000 -0.10000 -999.00000 -999.00000 0.23376 0.44316 -999.00000 
 72  -0.78957 -999.00000 0.80000 -999.00000 -999.00000 0.59559 0.62902 -999.00000 
 73  -0.77028 -999.00000 -999.00000 0.21767 -999.00000 0.45658 0.42921 -999.00000 
 74  -0.81479 -999.00000 -999.00000 -999.00000 2.70000 0.57026 0.37758 -999.00000 
 75  -0.80513 -999.00000 -999.00000 -999.00000 -999.00000 0.50232 0.89822 -999.00000 
 76  -0.81260 -999.00000 -999.00000 -999.00000 -999.00000 0.68507 0.71557 -999.00000 
 77  -0.63035 -999.00000 -999.00000 0.19799 -999.00000 0.78644 0.43258 -999.00000 
 78  0.03276 -999.00000 -999.00000 -999.00000 2.70000 0.48784 0.45359 -999.00000 
 79  -0.52231 -999.00000 -0.60000 -999.00000 -999.00000 0.43210 0.42512 -999.00000 
 80  -0.38387 -999.00000 -999.00000 0.36802 -999.00000 0.47335 0.68325 -999.00000 
 81  -0.79884 -999.00000 -999.00000 -999.00000 -999.00000 0.24184 0.58264 -999.00000 
 82  -0.16402 -999.00000 -999.00000 2.70000 2.70000 0.60833 0.59110 2.70000 
 83  -0.57912 -999.00000 -999.00000 0.46981 -999.00000 0.42626 0.45150 -999.00000 
 84  -0.41932 -999.00000 -999.00000 0.33649 -999.00000 0.65372 0.75046 -999.00000 
 85  -0.40344 -999.00000 -999.00000 -999.00000 -999.00000 0.41597 0.52861 2.70000 
 86  -0.20000 -999.00000 -999.00000 2.70000 -999.00000 0.33286 0.31182 -999.00000 
 87  -0.32579 -999.00000 -999.00000 0.42409 -999.00000 0.61719 0.85626 -999.00000 
 88  -0.58571 2.70000 -999.00000 -999.00000 -999.00000 0.66389 0.48555 -0.65833 
 89  -0.41974 -999.00000 -999.00000 -999.00000 -999.00000 0.62275 0.62407 -0.16667 
 90  0.66267 -999.00000 -999.00000 0.42776 -999.00000 1.18066 2.15455 0.41091 
 91  -0.57550 -999.00000 -999.00000 -999.00000 -999.00000 2.05827 0.47400 -0.43380 
 92  -0.39006 -999.00000 -999.00000 -999.00000 -999.00000 0.77983 0.17525 0.10270 
 93  -0.60794 -999.00000 -999.00000 -999.00000 -999.00000 0.85568 0.81390 2.70000 
 94  2.70000 -999.00000 -999.00000 0.38127 -999.00000 1.22752 1.99522 0.04225 
 95  1.00687 -999.00000 -999.00000 -999.00000 -999.00000 0.73971 0.59429 0.24800 
 96  1.18646 -999.00000 -999.00000 -999.00000 -999.00000 1.23566 0.49457 -0.07475 
 97  -0.15478 -999.00000 -999.00000 0.36862 -999.00000 0.86732 0.45616 2.70000 
 98  0.55644 -999.00000 -999.00000 -999.00000 -999.00000 0.69173 0.27014 -0.71707 
 99  -0.47600 -999.00000 -999.00000 -999.00000 -999.00000 0.62623 0.27777 -0.27083 
 100  -0.54603 -999.00000 -999.00000 0.36596 -999.00000 0.78335 0.84546 2.70000 
 101  0.41000 -999.00000 -999.00000 -999.00000 -999.00000 0.83889 0.62688 -0.07273 
 102  -0.61374 -999.00000 -999.00000 -999.00000 -999.00000 0.58873 0.65680 -0.10420 
 103  -0.18137 -999.00000 -999.00000 -999.00000 -999.00000 0.64879 2.65034 -0.01154 
 104  -0.18930 -999.00000 -999.00000 0.53746 -999.00000 0.83028 0.45313 -0.18519 
 105  -999.00000 -999.00000 -999.00000 -999.00000 -999.00000 0.60547 0.28653 -0.05106 
 106  -0.54869 -999.00000 -999.00000 -999.00000 -999.00000 0.63218 0.64373 -0.04079 
 107  -0.36483 -999.00000 -999.00000 0.55325 -999.00000 0.63065 0.24565 -0.16000 
 108  -0.07893 -999.00000 -999.00000 -999.00000 -999.00000 2.70000 0.59276 0.26071 
 109  -0.02620 -999.00000 -999.00000 -999.00000 -999.00000 0.63179 0.43080 2.70000 
 110  -0.52277 -999.00000 -999.00000 -999.00000 2.70000 1.00949 0.42140 0.57692 
 111  0.03112 -999.00000 -999.00000 0.44357 2.70000 0.61067 0.83152 -0.02893 
 112  0.19570 -1.00000 -999.00000 -999.00000 -999.00000 0.59228 0.45140 -0.32000 
 113  -0.35096 -0.80000 -999.00000 -999.00000 -999.00000 0.59499 0.41898 -0.36891 
 114  -0.04034 1.70000 -999.00000 0.23188 -999.00000 0.78622 0.41494 0.26075 
 115  -0.54296 -999.00000 -999.00000 -999.00000 -0.05660 0.63556 0.65171 0.13613 
 116  -0.35441 -999.00000 -999.00000 -0.00000 -999.00000 0.47728 0.48145 -0.15000 
 117  -0.33866 -999.00000 -999.00000 0.44779 -999.00000 0.67803 0.76276 0.31179 
 118  -0.36452 -999.00000 -999.00000 -999.00000 -999.00000 -999.00000 0.42800 -0.07658 
 119  -0.32314 -999.00000 -999.00000 -999.00000 -999.00000 0.66642 0.46788 0.02178 
 120  -0.39319 -999.00000 -999.00000 -999.00000 -0.21852 0.62275 0.46151 0.04280 
 121  -0.34531 -999.00000 -999.00000 0.44475 0.34194 0.82687 0.67433 -0.00075 
 122  -0.17595 -999.00000 -999.00000 -999.00000 -0.20494 0.64750 0.46080 0.21098 
 123  -0.35744 -999.00000 1.60000 -999.00000 0.30787 0.63167 0.39425 0.15000 
 124  -0.14258 -999.00000 -999.00000 0.57538 -0.30204 0.60491 0.42277 0.13933 
 125  -0.35532 -999.00000 -999.00000 -999.00000 0.04944 0.81028 0.46106 0.00902 
 126  -0.21269 -999.00000 -999.00000 -999.00000 0.01782 0.77220 0.21596 0.14891 
 127  2.70000 -999.00000 -999.00000 0.63243 0.43780 0.70296 0.47972 0.15655 
 128  2.70000 -999.00000 -999.00000 0.59184 2.70000 0.67481 0.45141 -0.02918 
 129  2.70000 -999.00000 2.70000 0.60000 0.19389 2.70000 0.43796 2.70000 
 130  2.70000 -999.00000 2.70000 0.35460 0.72960 0.81166 0.44111 2.70000 
 131  -0.20890 -999.00000 2.70000 0.57589 2.70000 2.70000 0.27645 2.70000 
 132  -0.11950 -999.00000 2.70000 -999.00000 0.08571 0.45899 0.25678 2.70000 
 133  -0.30950 -999.00000 2.70000 2.60000 2.70000 0.99630 0.61412 -0.00368 
 134  2.70000 -999.00000 2.70000 0.36996 2.70000 0.81586 0.47772 0.32429 
 135  -0.25223 -999.00000 2.70000 -999.00000 2.70000 0.81083 0.41036 0.02296 
 136  -0.20157 -999.00000 2.70000 -0.20000 0.20476 0.83156 0.42236 2.70000 
 137  -0.16527 -999.00000 2.70000 0.33714 0.42282 0.79985 0.39902 -0.00797 
 138  -0.18285 -999.00000 2.70000 0.58664 2.70000 0.66581 0.48666 0.18386 
 139  -3.24615 -999.00000 2.70000 -999.00000 2.70000 0.79367 0.42509 0.15407 
 140  -0.15788 -999.00000 2.70000 -999.00000 0.75920 0.97860 0.44900 0.16716 
 141  -0.08526 -999.00000 2.70000 0.40780 0.11038 0.82349 0.79950 0.20583 
 142  0.04372 -999.00000 2.70000 -999.00000 0.10503 0.67060 0.45918 0.30836 
 143  1.15701 -999.00000 2.70000 1.00000 0.09595 0.70464 0.80059 0.24340 
 144  -0.16422 -999.00000 2.70000 0.54472 0.45000 0.76227 0.45460 0.08704 
 145  -0.14781 -999.00000 2.70000 -999.00000 0.41132 1.06412 0.85499 -0.12425 
 146  -0.34171 -999.00000 2.70000 -999.00000 0.37738 2.70000 0.44300 0.17340 
 147  0.00497 -999.00000 2.70000 0.82434 0.56600 0.63813 0.07918 0.07087 
 148  -0.35287 -999.00000 2.70000 0.74743 2.70000 -999.00000 0.26225 0.13831 
 149  0.61969 -0.24571 2.70000 2.70000 0.95183 1.06365 0.30398 0.36943 
 150  0.05577 -999.00000 2.70000 0.65651 0.59320 0.88222 0.40492 0.13986 
 151  0.18256 -999.00000 2.70000 0.38249 0.23454 0.78527 0.24615 0.45308 
 152  -0.18467 -0.10909 2.70000 -999.00000 0.32137 0.81783 0.44762 0.45811 
 153  0.00934 0.20526 2.70000 2.70000 0.24126 0.61940 0.20108 0.20817 
 154  -0.15091 -999.00000 2.70000 0.43812 0.60623 1.18607 0.47611 0.41814 
 155  -0.19494 -0.04828 2.70000 -999.00000 0.77704 0.68536 0.39270 0.17868 
 156  -0.15754 -999.00000 2.70000 2.70000 0.59719 0.64121 0.07368 0.26118 
 157  0.00229 -0.38039 2.70000 0.65088 0.73305 1.18616 0.44437 0.18034 
 158  0.85222 -0.33333 2.70000 0.73453 2.70000 -999.00000 0.59158 0.20398 
 159  0.60441 -0.24138 2.70000 -999.00000 0.82049 0.56218 0.24981 0.24068 
 160  2.70000 -0.43243 2.70000 2.20000 0.61748 1.18700 0.45961 0.18223 
 161  0.04794 0.22899 2.70000 2.15814 0.48281 3.05693 0.23259 0.41914 
 162  0.62725 2.70000 2.70000 -999.00000 0.69300 0.83013 0.24788 0.19051 
 163  0.47389 -0.03297 2.70000 2.70000 0.63963 1.01179 0.01154 0.19395 
 164  -0.02620 0.22766 2.70000 0.65906 0.79538 1.17741 0.10715 0.33684 
 165  0.39176 0.09714 2.70000 -999.00000 1.16835 0.67976 0.22565 0.04240 
 166  0.23320 -0.38681 2.70000 1.40000 1.17095 2.70000 0.02655 0.17002 
 167  2.59376 -0.02198 2.70000 0.65470 0.55073 0.78853 0.03806 0.27234 
 168  -0.19288 -0.00172 2.70000 0.82077 0.58558 -999.00000 0.67262 0.42585 
 169  2.70000 0.00171 2.70000 2.70000 0.75534 0.99921 0.38656 0.04690 
 170  -1.71265 0.15639 2.70000 0.45848 0.62553 0.85139 0.26183 0.13397 
 171  0.26636 -0.44933 2.70000 0.62648 0.81706 0.66426 0.25872 0.17076 
 172  -0.15811 0.03609 2.70000 -999.00000 0.59875 0.83082 0.04626 0.24635 
 173  0.02760 -0.00552 2.70000 -0.80000 0.41902 0.63299 2.70000 0.19740 
 174  -0.17951 2.70000 2.70000 0.26805 0.54967 0.66619 0.02997 0.40985 
 175  -0.18616 -0.33333 2.70000 -999.00000 1.18809 0.67697 0.09193 0.26465 
 176  -0.18923 0.02921 2.70000 2.70000 1.10031 0.97550 0.23989 0.15885 
 177  -0.18355 0.11389 2.70000 0.79356 0.95165 0.88388 0.22833 0.36013 
 178  -0.77508 -0.31139 2.70000 0.42422 0.95160 1.20494 0.21084 0.12135 
 179  -0.41972 -0.14667 2.70000 -999.00000 0.58835 0.80584 0.04669 0.21002 
 180  -0.22573 0.18894 2.70000 -999.00000 0.87028 0.64318 0.45694 0.22586 
 181  -0.21909 0.21373 2.70000 0.43153 0.98149 2.70000 0.04249 0.24000 
 182  -0.59199 0.07423 2.70000 -999.00000 0.70526 0.99691 0.43136 0.22919 
 183  -0.16330 0.44941 2.70000 -999.00000 0.81224 0.85340 0.01317 0.19174 
 184  2.70000 0.01667 2.70000 0.59043 0.79857 0.66237 0.19264 0.26615 
 185  -0.35986 -0.21351 2.70000 0.38044 0.88030 0.80468 0.03239 0.26963 
 186  -0.14647 0.04388 2.70000 -999.00000 0.78054 0.68408 0.37718 0.26364 
 187  -999.00000 2.70000 2.70000 2.20000 0.90503 0.67531 0.22356 0.34320 
 188  -0.39533 -0.14866 2.70000 0.65284 0.93203 1.20000 0.02394 2.70000 
 189  -0.39541 -0.05652 2.70000 -999.00000 0.64187 0.85541 0.23354 0.36351 
 190  -0.39165 0.19516 2.70000 -999.00000 0.78389 0.86359 0.24317 0.24213 
 191  2.70000 0.21423 2.70000 0.41670 1.11136 0.66211 0.16913 0.28510 
 192  2.70000 2.70000 2.70000 -999.00000 0.85608 0.83965 0.24547 0.27752 
 193  2.70000 2.70000 2.70000 2.20000 0.72827 0.83551 0.24048 2.70000 
 194  2.70000 2.70000 -1.30855 0.79133 0.83591 2.70000 -0.00327 0.29306 
 195  0.61214 2.70000 -0.95660 0.64204 0.86682 0.81988 -0.01127 2.70000 
 196  2.03616 2.70000 -0.72278 2.70000 0.64060 0.67680 0.24598 0.29907 
 197  2.70000 0.46239 -0.81465 0.60685 0.79340 0.82096 -0.17632 0.27894 
 198  1.42559 0.25856 -0.78603 2.70000 0.63181 -999.00000 0.01350 0.25643 
 199  -0.40470 0.43733 -1.20690 -999.00000 0.61771 0.31186 0.21994 0.22964 
 200  1.37015 0.43379 -1.05993 2.70000 0.97760 0.56128 0.00215 0.40545 
 201  0.33134 0.60729 -1.44452 0.66334 0.68520 0.47256 -0.18492 0.23909 
 202  0.24278 0.35652 -1.25600 -999.00000 0.94892 0.66660 0.05111 0.09260 
 203  0.44333 0.02886 -1.35765 -0.00000 0.83604 0.46389 -0.22399 0.07474 
 204  -0.34644 0.18312 -1.40996 0.45662 0.66469 0.54709 0.03866 0.07840 
 205  0.69414 0.39274 -1.21245 0.52214 1.17318 -999.00000 -0.17528 0.23464 
 206  0.00161 0.46194 -0.80586 -999.00000 0.96611 0.82991 0.04029 0.24253 
 207  -0.37813 0.39580 -0.27219 2.70000 0.95018 0.57201 0.06809 0.03891 
 208  0.39132 0.41787 -1.00984 0.06789 0.84111 0.50150 2.70000 0.24207 
 209  0.20660 0.43745 -1.60064 -999.00000 0.80430 0.50749 -0.03223 0.25321 
 210  0.73541 0.66308 -1.40996 -999.00000 0.93548 0.81813 -0.23668 0.09087 
 211  0.03522 0.34768 -1.78939 1.21165 0.82452 0.65007 0.05999 0.45469 
 212  -0.38056 0.06441 -1.20258 0.43557 0.76920 -999.00000 2.70000 0.09136 
 213  0.02824 0.71078 -1.19122 -999.00000 2.18043 0.64535 -0.14207 0.39835 
 214  -0.41495 0.46755 -0.95817 1.80000 1.16471 1.18110 0.00545 0.06962 
 215  0.10167 0.43284 -0.76339 0.80679 0.89737 2.70000 -0.32957 -0.02764 
 216  0.53931 0.24876 -0.79679 -999.00000 0.63359 1.06328 -0.40248 0.09647 
 217  -999.00000 0.85833 -0.77396 -999.00000 0.80192 1.67317 -0.14757 0.28536 
 218  -0.14000 0.53778 -1.59321 0.37763 0.87586 0.86997 0.03905 0.44957 
 219  0.04757 0.09776 -1.39564 -999.00000 0.97754 0.83279 0.21765 0.06372 
 220  -0.16738 0.20944 -0.42079 -999.00000 1.07673 0.47229 -0.14363 0.24541 
 221  -0.57309 0.59719 -1.00272 0.38454 1.40079 0.81501 -0.15779 0.30499 
 222  -0.36769 0.47738 -0.91792 -999.00000 0.95541 0.64289 0.03584 0.01761 
 223  -0.21054 0.59416 -1.03716 -999.00000 0.79410 0.78442 -0.10829 0.02567 
 224  0.05747 0.44453 -1.14557 2.70000 0.98191 0.46486 -0.14559 0.23359 
 225  -0.65495 0.39206 2.49827 0.96022 1.05217 2.70000 -0.15533 0.08494 
 226  -0.43037 0.51126 -1.05822 -999.00000 1.18816 2.08228 -0.33287 0.06603 
 227  -0.40236 0.43305 -1.35426 -999.00000 1.00653 0.64781 -0.17280 0.05204 
 228  -0.17955 0.49015 -1.21120 0.57812 1.96897 -999.00000 -0.43882 0.46537 
 229  -0.36132 0.32911 -0.96072 -999.00000 1.19907 0.67334 -0.15279 0.19682 
 230  -0.47393 0.49247 -1.03342 -999.00000 1.20933 0.65627 -0.13739 0.26966 
 231  -0.02847 0.49325 -0.71702 0.63965 0.79683 0.92265 -0.36878 0.27381 
 232  1.00224 0.70480 -1.78568 0.87157 1.40467 0.48746 -0.13993 0.27976 
 233  -0.16886 0.44217 -1.14309 -999.00000 0.84023 0.61912 0.25311 0.42240 
 234  -0.39009 0.22246 -1.84012 2.70000 0.95994 2.03473 -0.19940 0.24807 
 235  -0.64209 2.70000 -1.35550 0.76557 0.75457 0.58333 2.70000 0.29597 
 236  0.53928 0.56490 -0.65298 -999.00000 1.09705 0.59972 -0.16536 2.70000 
 237  -0.62535 0.47836 -1.20098 -999.00000 1.01933 0.70158 -0.33319 0.41816 
 238  -0.09158 0.56412 -1.77920 0.65045 0.94755 1.80000 -0.21773 0.26097 
 239  -0.19327 0.47739 -1.40612 -999.00000 0.99864 0.66680 -0.22079 0.62727 
 240  -0.36947 0.43641 -0.80977 3.40000 2.70000 0.60685 2.70000 0.24910 
 241  -0.39440 0.61250 -1.16506 0.58562 0.90395 1.04625 -0.11577 0.31206 
 242  0.17649 0.66599 -1.59329 0.58233 0.84380 0.66510 -0.38586 0.41371 
 243  0.54186 0.66384 -1.59200 -999.00000 0.98278 0.86299 0.20185 0.28349 
 244  2.00000 0.43375 -0.96077 -999.00000 0.76149 0.47784 -0.17997 0.41731 
 245  0.38315 0.63196 -1.21488 0.60883 0.83241 -999.00000 2.70000 -0.33650 
 246  2.70000 0.61002 -1.49061 -999.00000 0.97159 0.50325 -0.37943 0.46819 
 247  -0.00956 0.78815 -1.37451 3.20000 0.99695 0.65125 -0.12089 0.30740 
 248  0.23420 0.71166 -1.02607 0.59244 0.85341 0.65322 -0.52313 0.49031 
 249  0.01103 0.71962 -1.96587 -999.00000 1.00736 1.02696 -0.22471 0.46522 
 250  -0.58657 0.78436 -1.41968 -999.00000 0.74266 0.68464 -0.41671 0.54202 
 251  0.95154 0.53707 2.70000 -1.60000 1.15457 0.28328 0.00864 0.33940 
 252  1.35277 0.72679 -1.23431 0.59258 1.07837 0.67651 2.70000 2.70000 
 253  -0.01033 0.81877 -1.38458 -999.00000 1.05742 0.67639 -0.13081 0.50930 
 254  0.50984 0.55374 -0.93273 -999.00000 1.01886 0.46836 -0.22142 0.48629 
 255  0.26097 0.64897 -0.97773 0.61061 1.21036 0.69436 -0.17790 0.45639 
 256  0.82043 0.87285 -1.21333 2.70000 0.92656 0.51226 -0.19845 0.48925 
 257  -0.83575 0.54460 2.70000 -999.00000 0.80543 2.70000 2.70000 2.70000 
 258  -0.62804 0.56659 -1.18330 0.40926 0.60686 2.70000 2.70000 2.70000 
 259  -0.11449 0.72064 -1.34522 -999.00000 0.69987 2.70000 -0.21096 2.70000 
 260  -1.02032 0.25165 -1.57425 -999.00000 0.81073 2.70000 -0.31356 2.70000 
 261  -0.18071 0.66195 -1.62124 0.35473 0.66489 0.67968 -0.23843 0.22973 
 262  -0.22959 0.66270 -1.44921 -999.00000 0.66653 0.80492 -0.14667 0.44044 
 263  -0.34754 0.42000 -1.38569 -999.00000 0.69585 -999.00000 -0.17640 0.31094 
 264  -0.08074 0.44171 -1.21720 0.34314 0.80313 -999.00000 -0.13451 0.41198 
 265  -0.28935 0.50600 -1.18119 -0.02911 0.60683 0.45940 -0.36264 0.63653 
 266  -0.23976 0.55671 -1.43947 -999.00000 0.79331 0.30350 -0.38410 0.32069 
 267  -0.65401 0.58754 -1.19301 -999.00000 1.03636 1.60000 -0.36269 1.02507 
 268  -0.64703 0.59456 -1.23179 0.05277 0.63728 0.46466 -0.35373 0.70927 
 269  -0.57235 0.19146 -1.41204 -999.00000 0.58687 0.80183 -0.20891 0.41431 
 270  -0.15658 0.53948 2.70000 -999.00000 0.76077 0.20000 -0.33551 0.60273 
 271  2.70000 0.66000 -1.15403 -0.01582 0.56095 0.65691 -0.37618 0.66702 
 272  -0.42922 0.52146 -1.21222 -0.07809 0.64195 0.57453 -0.40124 0.60683 
 273  -0.26061 0.90087 -1.42316 1.00000 0.90592 -999.00000 -0.36880 0.46190 
 274  -0.20753 0.50692 -1.39049 -999.00000 0.64940 0.84555 -0.35689 0.23632 
 275  -0.40818 0.23828 -1.64224 0.20156 0.62892 0.46095 -0.34672 1.02763 
 276  -0.13193 0.41744 -1.64233 -999.00000 0.81187 0.64879 -0.55831 0.64176 
 277  -0.41500 0.31878 -1.85979 -999.00000 1.01312 2.70000 -0.42562 0.60579 
 278  -0.11768 0.51966 -1.43547 0.43049 0.50121 0.98862 -0.22932 0.28720 
 279  -0.44720 0.48926 -1.38892 -999.00000 0.68239 0.78538 -0.22867 0.11460 
 280  -0.27810 0.62926 -1.64262 -999.00000 1.45245 2.70000 -0.18214 0.89017 
 281  -0.96443 0.41109 -1.16364 0.27916 0.42126 0.59949 -0.41175 0.29371 
 282  -1.59580 0.46063 -1.85692 0.59101 0.40292 0.82290 -0.57633 0.69351 
 283  -0.19360 0.52630 -1.45516 -999.00000 0.79901 3.60000 -0.36146 0.32261 
 284  -0.17969 0.36006 -1.60520 -999.00000 0.63749 0.57353 -0.52999 0.45004 
 285  -1.33100 0.46219 -0.92926 0.09839 0.26572 0.43655 0.06461 0.45747 
 286  0.07229 0.68416 -1.40986 0.24314 0.65385 0.75542 -0.15821 0.47329 
 287  -1.47358 0.36145 -1.66966 -999.00000 0.57031 1.40000 -0.18056 0.46856 
 288  2.70000 0.46377 -1.44899 0.20376 0.37972 0.64219 0.16857 0.85785 
 289  0.10886 0.51571 -1.19251 0.25015 0.46055 0.67575 -0.34943 0.68135 
 290  -0.43738 0.43485 -1.12835 -999.00000 0.73927 -999.00000 -0.40690 0.67268 
 291  -0.80183 0.45162 -1.15299 -999.00000 0.38246 0.73029 -0.57714 0.27790 
 292  -0.20586 0.44131 -1.19023 -0.00428 0.42633 1.01760 -0.41189 2.16715 
 293  -0.65923 0.43944 -1.16399 -999.00000 0.25321 0.20000 -0.36547 0.80270 
 294  -0.18526 0.51623 -1.21243 -999.00000 0.25648 0.72816 -0.35624 0.65488 
 295  -0.66766 0.34142 -1.20723 0.16319 0.57097 0.67172 -0.16527 0.80581 
 296  -1.38803 0.49191 -1.38179 -999.00000 0.43071 0.63767 -0.40379 1.07743 
 297  -0.39372 0.35813 -1.20981 -0.80000 0.45105 -999.00000 -0.56311 0.52319 
 298  -0.28148 0.47724 -1.60507 -0.01958 0.62399 0.81844 -0.11003 0.80099 
 299  -0.71961 0.67704 -1.19556 0.12395 0.21375 0.57668 -0.79030 1.02406 
 300  -0.36435 0.28608 -0.99154 2.60000 0.22213 2.70000 -0.80391 0.49951 
 301  -0.07225 0.50044 -1.39605 0.20286 0.41334 0.62548 -0.53311 0.64149 
 302  -0.11379 0.51872 -1.60210 0.38638 0.64052 0.66686 -0.62966 0.63886 
 303  -0.85371 0.44709 -1.36526 -999.00000 0.24827 3.20000 -0.55058 0.48820 
 304  -1.11143 0.33189 -1.41954 -0.46667 0.44664 0.45022 -0.40808 0.65290 
 305  0.05740 0.43828 -1.44414 0.09835 2.70000 0.64505 -0.21140 0.83856 
 306  -0.63889 0.46136 -1.23174 -999.00000 0.28661 -1.20000 -0.39504 0.39670 
 307  -0.80541 0.48228 -1.19231 -999.00000 0.09758 -999.00000 -0.50696 0.56397 
 308  0.17374 0.68757 -1.37864 0.20899 0.62818 0.86096 -0.40830 0.62304 
 309  -1.85550 0.67017 -0.98145 0.02998 0.22040 0.68591 -0.56009 0.65458 
 310  -1.13260 0.21982 -1.37211 -999.00000 0.44333 -999.00000 -0.16747 0.81908 
 311  -0.43185 0.53963 2.70000 0.20429 0.37989 0.44696 -0.41194 0.11588 
 312  -0.80592 0.27940 -1.20933 0.03475 0.31236 0.52390 -0.58002 0.64372 
 313  -2.41724 0.28010 -1.38341 -999.00000 0.25528 1.20000 -0.35125 0.26090 
 314  0.07979 0.46416 -0.86840 -999.00000 0.40000 0.70205 -0.75854 0.65389 
 315  -2.74423 0.52843 2.70000 0.22642 0.43233 0.68955 -0.41029 0.52308 
 316  -0.68485 0.30918 -0.96191 -999.00000 0.19964 2.70000 -0.58638 0.45157 
 317  -0.10909 0.55058 -1.41361 -999.00000 0.18511 0.67585 -0.82867 0.66839 
 318  -0.79876 0.52672 -1.42547 0.26859 2.70000 0.39745 -0.20390 0.64757 
 319  2.70000 0.47604 -1.63409 -999.00000 0.20945 0.69447 -0.36284 0.67323 
 320  2.70000 0.53806 -1.35921 -999.00000 0.21225 2.70000 -0.10481 0.48550 
 321  2.70000 0.43438 2.70000 -0.00275 0.57375 2.70000 2.70000 0.71249 
 322  2.70000 0.28972 -1.20024 -0.00038 0.58189 2.70000 2.70000 0.48215 
 323  -1.13043 0.26867 -0.93622 -999.00000 0.35646 2.70000 -0.80277 0.66868 
 324  -1.92397 0.29503 -1.19861 -999.00000 0.56042 2.70000 2.70000 0.72112 
 325  -0.59118 0.26174 -1.18882 0.21794 0.38140 2.70000 -0.55889 0.55075 
 326  -0.58000 0.27465 -1.19472 -999.00000 0.38525 2.70000 2.70000 0.73792 
 327  2.70000 0.47240 -1.18315 2.70000 0.58541 -0.40000 -999.00000 0.79867 
 328  -0.50991 0.11554 -1.22989 -0.01882 0.20699 0.45935 -0.65065 0.49660 
 329  0.53922 0.45024 -1.39339 0.08121 0.25151 0.50653 -0.97109 0.29272 
 330  -0.57471 0.49322 -1.45629 -0.40000 0.59541 2.70000 -0.76793 0.67787 
 331  -2.11500 0.33514 -1.22768 -0.02985 0.32701 0.54316 -0.80308 0.69726 
 332  -0.44054 0.24657 -1.19124 0.15894 0.22677 0.77020 -0.65838 0.64623 
 333  -1.72727 0.08571 -1.41859 -999.00000 0.36431 2.70000 -0.55633 0.69042 
 334  -0.46536 0.23157 -1.23580 -0.11897 0.58001 0.41288 -0.77571 0.61844 
 335  0.27429 0.26827 -1.02585 0.01731 0.44961 0.56336 -0.81453 0.61690 
 336  2.70000 0.28028 -1.35033 -999.00000 2.70000 -999.00000 -0.55659 0.67873 
 337  -0.03529 0.13656 -1.15409 2.70000 0.36216 -999.00000 -0.56795 0.48044 
 338  -0.77982 0.20050 -1.14380 0.07565 0.13841 0.70126 -0.52242 0.62122 
 339  0.71562 0.24995 -999.00000 -999.00000 0.34607 -999.00000 -0.38671 0.82724 
 340  -999.00000 0.09989 -0.93689 -2.60000 0.17613 -999.00000 -1.02169 0.79703 
 341  -999.00000 0.27764 -1.20730 0.23804 0.79323 0.41309 -0.99573 0.70601 
 342  2.70000 0.26696 -1.56461 2.70000 -0.02608 1.80000 -0.73427 0.64964 
 343  -999.00000 0.33172 -1.20818 2.70000 0.39455 -999.00000 -0.58619 0.69368 
 344  -999.00000 2.70000 -1.20697 2.70000 -0.60000 0.43361 -0.62829 2.70000 
 345  -999.00000 0.07751 -1.91519 1.41974 -0.01640 0.84277 -0.44281 0.84352 
 346  -999.00000 0.10274 -1.01306 1.60000 0.03581 -3.20000 -0.56334 2.70000 
 347  -999.00000 0.10164 -1.21870 0.03613 0.17458 1.18578 -0.61009 0.48477 
 348  -999.00000 0.04339 -1.19784 0.15536 0.02448 0.60864 -0.76021 0.66485 
 349  -999.00000 0.39714 -1.19370 -999.00000 0.00698 -999.00000 -0.79541 0.84682 
 350  -999.00000 0.48292 -1.16154 -999.00000 0.63782 0.79250 -0.74457 0.40190 
 351  -999.00000 0.27129 -1.20029 0.28816 2.94036 0.85620 -0.57088 0.87272 
 352  -999.00000 0.28848 -999.00000 -999.00000 -0.01858 0.62993 -0.32145 0.68938 
 353  -999.00000 0.30520 -1.18166 -999.00000 -0.19349 2.70000 -0.62479 0.81881 
 354  -999.00000 0.10335 -0.95994 0.00656 0.19050 0.64673 -0.82402 0.59151 
 355  -999.00000 0.29661 -1.40340 0.21449 0.35772 0.72689 -0.65283 0.49685 
 356  -999.00000 0.11955 -1.16525 2.70000 0.20703 2.70000 -0.65845 0.65101 
 357  -999.00000 0.17348 -0.79488 -0.20535 -0.01950 0.51581 -0.49863 0.63147 
 358  -999.00000 0.30781 -0.95674 -0.05181 0.01266 1.01470 -0.30984 0.60138 
 359  2.70000 0.43089 -1.00883 0.20000 0.22496 2.70000 -0.53611 0.71294 
 360  -999.00000 0.08393 -1.14853 2.70000 0.24669 0.86667 -0.39873 0.70006 
 361  -999.00000 0.32114 -0.90880 -0.13571 0.01668 0.34663 -0.83524 0.51467 
 362  -999.00000 0.31480 -999.00000 2.70000 0.19930 0.58486 -0.49979 0.46384 
 363  -999.00000 0.12684 -1.17555 -999.00000 -0.01541 2.70000 -0.35610 2.70000 
 364  -999.00000 0.26975 -1.01895 0.03121 0.02414 0.74473 -0.26105 0.89334 
 365  -999.00000 0.22898 -1.45805 0.23212 0.01915 0.38579 -0.72174 2.70000 
 366  -999.00000 0.12046 -1.43892 2.70000 0.02990 2.70000 -0.60514 0.62004 
 367  -999.00000 0.43272 -1.01471 -0.17744 -0.22986 0.60632 -0.72379 0.62857 
 368  -999.00000 0.24680 -0.97829 -0.16226 -0.19734 0.57751 -0.80480 0.85097 
 369  -999.00000 0.25254 -0.76909 -999.00000 -0.38265 2.70000 -1.02833 0.69931 
 370  -999.00000 0.22571 -0.92681 -999.00000 -0.16297 0.65409 -0.58584 0.44859 
 371  -999.00000 0.28080 -999.00000 0.10200 -0.19179 0.74863 -0.37018 0.73711 
 372  -999.00000 0.25852 -0.99441 -999.00000 -0.25184 0.40000 -0.55869 0.70201 
 373  -999.00000 0.23118 -0.97522 2.70000 0.00433 2.40000 -0.07456 0.70818 
 374  -999.00000 0.41520 -0.97391 -0.37407 -0.21745 0.23805 -0.26240 0.66274 
 375  -999.00000 0.27840 -999.00000 -0.00000 2.70000 2.70000 -0.43374 0.69301 
 376  -999.00000 0.28703 -1.17850 2.40000 -0.21687 2.20000 -0.57994 0.68658 
 377  -999.00000 0.37404 -0.92634 -0.48667 -0.36376 0.44405 -0.54541 0.59899 
 378  -999.00000 0.29113 -1.05201 -999.00000 -0.18615 0.38650 -0.60960 0.63969 
 379  -999.00000 0.27869 -0.96484 -999.00000 -0.22594 2.70000 -0.36051 0.67365 
 380  -999.00000 0.30834 -1.02461 2.70000 -0.18908 0.69281 -999.00000 0.63954 
 381  -999.00000 2.70000 -1.01097 -0.78652 -0.13630 0.56206 -0.27010 0.64276 
 382  -999.00000 0.09563 -0.77364 -999.00000 -0.18445 2.20000 -0.21424 0.67201 
 383  2.70000 0.30511 -0.97570 -0.40000 -0.24126 0.42624 -0.32424 0.88553 
 384  2.70000 0.43682 -0.97603 -999.00000 -0.39358 0.37641 -0.64207 0.60446 
 385  2.70000 0.03675 -1.17063 2.70000 -1.19378 -0.08780 -0.14737 1.24220 
 386  2.70000 2.70000 -999.00000 2.70000 2.70000 1.17532 2.70000 2.70000 
 387  -999.00000 0.24714 -0.77305 2.70000 2.70000 1.06709 0.78596 1.02171 
 388  -999.00000 -0.10322 -0.66745 2.70000 0.94522 1.02176 -0.23422 2.70000 
 389  -999.00000 2.70000 -0.97769 -2.20000 0.87773 2.70000 -0.22581 1.24845 
 390  -999.00000 0.03055 -0.80954 2.70000 0.47872 0.97548 -0.36140 1.05230 
 391  -999.00000 0.03499 -0.95610 -999.00000 0.05059 1.17881 0.15691 0.90104 
 392  -999.00000 0.10477 -999.00000 2.70000 -0.38482 2.70000 0.34389 1.17489 
 393  -999.00000 -0.10373 -0.95118 -1.60000 -0.37619 0.76051 0.00769 0.95736 
 394  -999.00000 0.02889 -0.98728 -999.00000 -0.72753 0.89922 -0.03568 1.08702 
 395  -999.00000 0.08743 -999.00000 2.70000 -0.34400 1.34843 -0.12887 1.08757 
 396  -999.00000 -0.07462 -0.94539 2.70000 -0.36593 2.70000 0.01744 1.06539 
 397  -999.00000 0.03640 -0.98631 -999.00000 -0.75822 1.05839 0.10348 1.41457 
 398  -999.00000 0.03398 -0.96761 -999.00000 0.97585 1.12683 0.14269 1.17160 
 399  -999.00000 0.04799 -0.60306 -1.60000 -0.59147 2.70000 0.34040 1.01801 
 400  -999.00000 -0.07889 -0.78628 2.70000 -0.17853 2.70000 0.06413 1.00626 
 401  -999.00000 0.09031 -0.96164 -999.00000 -0.17836 1.02027 0.18659 1.07139 
 402  -999.00000 0.11416 -999.00000 -0.00000 -0.39053 2.70000 0.10263 1.07347 
 403  -999.00000 0.00905 -0.95346 -0.40000 -0.58313 1.29143 0.60704 1.05714 
 404  -999.00000 0.14392 -0.96824 -999.00000 -0.77798 1.94286 0.28485 1.06279 
 405  -999.00000 0.10433 -0.81037 2.70000 -0.39076 0.47788 0.09730 1.03065 
 406  -999.00000 0.22903 -1.12209 2.70000 -0.36269 2.70000 0.23826 1.07045 
 407  -999.00000 0.05125 -0.93636 -999.00000 -0.58740 1.10400 0.18058 0.96576 
 408  -999.00000 0.23923 -0.57409 -2.00000 -0.41589 0.72500 0.80000 0.94170 
 409  -999.00000 0.07486 -1.00646 -1.60000 -0.16845 2.70000 0.54653 1.22107 
 410  -2.40000 -0.15523 -0.78984 -999.00000 2.70000 1.55402 0.30722 1.61450 
 411  -3.80000 0.33441 -0.76667 -999.00000 -0.18673 1.99167 0.16875 0.91996 
 412  -999.00000 0.04191 -0.95173 -999.00000 -0.37504 2.70000 -0.26667 0.96295 
 413  -999.00000 -0.15629 -0.77321 -999.00000 0.00898 1.03548 0.76316 1.01982 
 414  -999.00000 -0.09829 -0.55996 -999.00000 2.46781 0.93043 0.18421 1.01799 
 415  -999.00000 0.08867 -999.00000 2.70000 -0.36813 2.70000 0.09855 1.07500 
 416  -999.00000 -0.15312 -0.51886 2.70000 -0.18933 2.70000 0.61429 0.98947 
 417  -999.00000 0.29588 -0.58125 -999.00000 -0.37811 0.44333 -999.00000 1.26940 
 418  -999.00000 0.05758 -999.00000 -999.00000 -0.24676 -999.00000 -999.00000 1.07581 
 419  -999.00000 0.05509 -0.55262 2.70000 -0.61391 2.70000 -999.00000 1.08378 
 420  -999.00000 0.03923 -0.55114 -999.00000 -0.41254 2.70000 -999.00000 0.88430 
 421  -999.00000 0.07056 -0.36897 -999.00000 -0.56092 -999.00000 -999.00000 0.93058 
 422  -999.00000 0.09235 -0.37013 2.70000 2.72207 2.70000 2.70000 1.03211 
 423  2.70000 0.23729 -0.33133 2.70000 -0.78559 -999.00000 -999.00000 1.16660 
 424  -999.00000 0.07546 -0.72865 -999.00000 -0.60321 -999.00000 -999.00000 0.98731 
 425  -999.00000 -0.10846 -999.00000 2.70000 -0.62814 2.70000 -999.00000 0.83848 
 426  -999.00000 0.06160 -0.36303 2.70000 -0.18701 -999.00000 -999.00000 0.81509 
 427  -999.00000 0.05231 -0.57200 -999.00000 -0.59104 -999.00000 -999.00000 1.09841 
 428  -999.00000 0.28350 -0.77729 2.70000 -0.41473 -999.00000 -999.00000 1.01121 
 429  -999.00000 0.25803 -0.58100 2.70000 -0.58538 2.70000 -999.00000 0.81002 
 430  -999.00000 0.03425 -0.54224 -999.00000 2.70000 -999.00000 -999.00000 0.89561 
 431  -999.00000 0.02251 -0.38172 -999.00000 -0.45846 -999.00000 -999.00000 0.87654 
 432  -999.00000 -0.10699 -999.00000 2.70000 -0.57405 2.70000 -999.00000 0.91683 
 433  -999.00000 0.20940 -0.39397 2.70000 2.70000 -999.00000 -999.00000 1.09250 
 434  -999.00000 -0.10216 -0.56797 -999.00000 -0.75031 -999.00000 -999.00000 0.87577 
 435  -999.00000 -0.13185 -0.58570 -3.60000 -0.54633 -999.00000 -999.00000 1.04500 
 436  -999.00000 -0.12456 -0.42641 -3.20000 -0.41170 2.70000 -999.00000 0.83987 
 437  -999.00000 -0.11082 -0.54863 -999.00000 -0.42709 -999.00000 -999.00000 1.04291 
 438  -999.00000 -0.12498 -0.36560 -3.20000 -0.56056 -999.00000 -999.00000 1.14027 
 439  -999.00000 0.04668 -0.37009 2.70000 -0.60574 2.70000 -999.00000 0.98286 
 440  -999.00000 0.05456 -0.35707 2.70000 -0.57660 -999.00000 -999.00000 1.20000 
 441  -999.00000 -0.14984 -0.37756 -999.00000 -0.60967 -999.00000 -999.00000 1.11758 
 442  -999.00000 -0.13425 -0.15263 2.70000 -0.18105 2.70000 -999.00000 0.90458 
 443  -999.00000 -0.32298 -0.38655 2.70000 -0.43049 2.70000 -999.00000 1.00781 
 444  -999.00000 -0.15461 -0.23736 -999.00000 -0.36482 -999.00000 -999.00000 1.12233 
 445  -999.00000 -0.17103 -0.36193 -2.00000 -0.19254 2.70000 -999.00000 0.91818 
 446  2.70000 0.21573 -0.39886 -1.80000 -0.37064 2.70000 -999.00000 1.28913 
 447  2.70000 -0.16445 -0.37287 -999.00000 -0.29055 0.20000 -999.00000 2.70000 
 448  2.70000 0.03122 -0.36493 2.70000 -0.02111 -999.00000 -999.00000 0.72500 
 449  2.70000 2.70000 -999.00000 2.70000 2.70000 2.70000 2.70000 -999.00000 
 450  2.70000 2.70000 -0.34771 -999.00000 2.70000 -999.00000 -999.00000 -999.00000 
 451  -999.00000 2.70000 2.70000 2.70000 2.70000 -3.00000 0.60000 -999.00000 
 452  -999.00000 2.70000 -999.00000 2.70000 0.16319 2.70000 -999.00000 -999.00000 
 453  -999.00000 0.01158 0.00421 -1.00000 0.18102 2.70000 -999.00000 -999.00000 
 454  -999.00000 0.15818 -0.16105 -999.00000 0.35342 -999.00000 -999.00000 -999.00000 
 455  -999.00000 0.04074 -0.20753 2.70000 0.15979 2.70000 -999.00000 -999.00000 
 456  -999.00000 0.12014 -0.19728 2.70000 0.39405 -999.00000 -999.00000 -999.00000 
 457  -999.00000 -0.13623 0.02108 2.70000 0.11855 -999.00000 -999.00000 -999.00000 
 458  -999.00000 0.19271 0.07258 2.70000 0.29928 -999.00000 -999.00000 -999.00000 
 459  -999.00000 0.22081 0.00112 2.70000 0.25664 2.70000 -999.00000 -999.00000 
 460  -999.00000 0.08485 -0.01022 -999.00000 0.40719 -2.00000 -2.00000 -999.00000 
 461  -999.00000 0.21567 0.21380 -999.00000 0.37209 -999.00000 0.40000 -999.00000 
 462  -999.00000 0.23283 -0.13631 2.70000 0.13080 2.70000 1.20000 -999.00000 
 463  -999.00000 0.25853 0.06992 2.70000 0.04340 -1.80000 2.00000 -999.00000 
 464  -999.00000 2.70000 -0.15520 -999.00000 2.70000 -999.00000 2.70000 -999.00000 
 465  -999.00000 0.26136 -999.00000 2.70000 0.53610 2.70000 2.70000 -999.00000 
 466  -999.00000 0.18694 0.42601 2.70000 0.42170 2.70000 2.70000 -999.00000 
 467  -999.00000 0.44083 -0.16462 2.70000 2.70000 -999.00000 -1.00000 1.80000 
 468  -999.00000 2.70000 0.07490 2.70000 2.70000 2.70000 -999.00000 2.40000 
 469  -999.00000 0.48273 -999.00000 2.70000 0.17759 2.70000 -999.00000 -0.80000 
 470  -999.00000 0.02410 0.00387 2.70000 0.07701 -2.00000 -999.00000 2.70000 
 471  -999.00000 0.25472 -0.18625 2.70000 0.01197 -999.00000 2.40000 2.80000 
 472  -999.00000 0.05324 -999.00000 2.70000 0.24595 2.70000 1.40000 -999.00000 
 473  -999.00000 0.25142 -0.16224 2.70000 0.20957 -999.00000 2.00000 -999.00000 
 474  -999.00000 0.46185 -0.01895 -999.00000 -0.02807 -999.00000 2.70000 -999.00000 
 475  -999.00000 2.70000 0.06633 2.70000 -0.30940 2.70000 -1.90000 -0.00000 
 476  -999.00000 0.41675 -0.13435 2.70000 -0.66757 2.70000 -999.00000 -2.20000 
 477  -999.00000 0.56048 0.03011 2.70000 -999.00000 2.70000 -999.00000 2.70000 
 478  -999.00000 2.70000 0.45472 2.70000 -999.00000 1.80000 -999.00000 2.70000 
 479  -999.00000 2.70000 -0.00642 2.70000 -999.00000 2.70000 -999.00000 2.70000 
 480  -999.00000 0.36528 -0.09878 2.70000 -999.00000 0.80000 1.00000 2.70000 
 481  -999.00000 0.17686 -0.13657 -999.00000 2.70000 -999.00000 2.70000 1.60000 
 482  -999.00000 2.70000 -999.00000 2.70000 -999.00000 -999.00000 2.70000 -1.00000 
 483  -999.00000 0.37307 0.06128 2.70000 -999.00000 -999.00000 -0.50000 -999.00000 
 484  -0.30000 -0.02346 -0.27910 -999.00000 -999.00000 -999.00000 -0.20000 -1.60000 
 485  -999.00000 0.04963 -999.00000 2.70000 -999.00000 2.70000 -2.20000 1.20000 
 486  -999.00000 0.07347 0.21157 2.70000 -999.00000 2.70000 -0.00000 0.40000 
 487  -999.00000 -0.12055 0.22493 2.70000 0.46667 -999.00000 -999.00000 -1.40000 
 488  -999.00000 0.00368 0.22132 -999.00000 -999.00000 2.70000 -999.00000 -2.20000 
 489  -999.00000 -0.20251 0.21606 2.70000 2.70000 2.70000 -999.00000 2.70000 
 490  -999.00000 -0.04211 -0.15019 2.70000 2.70000 2.70000 -999.00000 2.70000 
 491  -999.00000 -0.00220 -0.21730 -999.00000 2.70000 2.70000 -999.00000 2.70000 
 492  -999.00000 0.04255 0.01292 2.70000 2.70000 2.70000 2.40000 2.70000 
 493  -999.00000 0.16998 0.05053 2.70000 2.70000 2.70000 -999.00000 2.70000 
 494  -999.00000 2.70000 -0.14464 0.20000 -2.40000 1.60000 -999.00000 2.70000 
 495  1.00000 0.58091 -999.00000 2.70000 -1.40000 0.60000 2.70000 2.70000 
 496  -999.00000 2.70000 -0.14584 2.70000 0.60000 2.70000 2.20000 2.70000 
 497  -999.00000 0.38556 0.01814 2.70000 2.70000 2.70000 1.20000 2.70000 
 498  -999.00000 0.00184 -999.00000 -999.00000 2.70000 -999.00000 -999.00000 2.70000 
 499  -999.00000 0.20690 -999.00000 2.70000 2.70000 2.70000 -0.80000 2.70000 
 500  -999.00000 2.70000 -0.10045 2.70000 2.70000 1.40000 2.70000 1.40000 
 501  -999.00000 0.16775 2.70000 -999.00000 -1.80000 2.70000 -999.00000 2.70000 
 502  -999.00000 0.01192 -999.00000 2.70000 -0.40000 -999.00000 1.40000 2.70000 
 503  -999.00000 -0.18141 -0.35717 2.70000 2.70000 0.80000 -999.00000 -1.00000 
 504  -999.00000 -0.03739 -999.00000 2.70000 0.80000 -2.40000 2.70000 -999.00000 
 505  -999.00000 0.18389 -0.16531 2.70000 -0.00000 -999.00000 2.70000 -999.00000 
 506  -999.00000 0.00618 -0.17406 2.70000 2.70000 2.70000 -999.00000 2.70000 
 507  -999.00000 0.00582 0.17219 2.70000 2.70000 -2.80000 -1.60000 2.70000 
 508  2.70000 0.01676 2.70000 -999.00000 2.70000 2.70000 2.70000 -999.00000 
 509  -999.00000 0.23245 0.01946 2.70000 2.70000 2.70000 -2.20000 1.20000 
 510  -999.00000 0.13995 0.22827 2.70000 2.70000 -999.00000 -999.00000 1.20000 
 511  -999.00000 0.17426 2.70000 -999.00000 2.70000 -999.00000 -999.00000 2.70000 
 512  -999.00000 0.64529 2.70000 2.70000 2.70000 2.70000 2.70000 2.70000 
