 1  -999.00000 -999.00000 -999.00000 -999.00000 -999.00000 -999.00000 -999.00000 -999.00000 
 2  0.02382 -999.00000 -999.00000 -999.00000 -999.00000 -999.00000 -0.00000 -999.00000 
 3  0.03836 -999.00000 -999.00000 -0.00000 -999.00000 -999.00000 -0.00000 -999.00000 
 4  0.04340 -999.00000 -999.00000 -999.00000 -999.00000 -999.00000 -999.00000 -0.00000 
 5  -999.00000 -999.00000 -0.00000 -999.00000 -999.00000 -999.00000 -999.00000 -999.00000 
 6  -0.00730 -999.00000 -999.00000 -999.00000 -999.00000 -999.00000 -999.00000 -999.00000 
 7  0.00781 -999.00000 -999.00000 -999.00000 -999.00000 -999.00000 -999.00000 -999.00000 
 8  0.02214 -999.00000 -999.00000 -999.00000 -999.00000 -999.00000 -0.00000 -0.00000 
 9  0.01790 -0.00000 -999.00000 -999.00000 -999.00000 -999.00000 -0.00000 -999.00000 
 10  0.02090 -0.00000 -999.00000 -999.00000 -999.00000 -999.00000 -0.00000 -999.00000 
 11  -999.00000 -999.00000 -999.00000 -0.00000 -999.00000 -999.00000 -0.00000 -999.00000 
 12  -999.00000 -999.00000 -999.00000 -0.00580 -999.00000 -0.00000 -0.00000 -999.00000 
 13  -0.02497 -999.00000 -999.00000 0.00000 -999.00000 -0.00000 -0.00000 -999.00000 
 14  -0.00085 -999.00000 -999.00000 -999.00000 -999.00000 -999.00000 -999.00000 -999.00000 
 15  -999.00000 -999.00000 -0.00000 -0.03422 -999.00000 -999.00000 -999.00000 -0.00000 
 16  0.01383 -999.00000 -999.00000 -0.01206 -999.00000 -999.00000 -999.00000 -999.00000 
 17  0.00106 -999.00000 -999.00000 -999.00000 -0.00000 -999.00000 -999.00000 -999.00000 
 18  -0.03565 -999.00000 -999.00000 -999.00000 -999.00000 -999.00000 -999.00000 -0.00000 
 19  0.02113 -999.00000 -999.00000 0.00367 -0.00000 -999.00000 -999.00000 -0.00000 
 20  0.00378 -999.00000 -999.00000 -0.01516 -0.00000 -999.00000 -0.00000 -0.00000 
 21  0.01551 -999.00000 -999.00000 -999.00000 -999.00000 -999.00000 -999.00000 -0.00000 
 22  0.04083 -999.00000 -999.00000 -0.00384 -999.00000 -0.00000 -999.00000 -999.00000 
 23  0.05263 -999.00000 -999.00000 0.00319 -999.00000 -999.00000 -999.00000 -0.00000 
 24  0.00256 -999.00000 -999.00000 -999.00000 -999.00000 -999.00000 -999.00000 -0.00000 
 25  0.01886 -999.00000 -999.00000 -999.00000 -999.00000 -0.00000 -999.00000 -999.00000 
 26  -999.00000 -999.00000 -999.00000 -0.00993 -0.00000 -999.00000 -0.00000 -999.00000 
 27  -0.01428 -999.00000 -999.00000 -999.00000 -999.00000 -0.00000 -0.00000 -999.00000 
 28  0.03277 -999.00000 -999.00000 -999.00000 -0.00000 -999.00000 -999.00000 -999.00000 
 29  -0.01320 -999.00000 -999.00000 0.00643 -999.00000 -999.00000 -999.00000 -999.00000 
 30  -0.01827 -999.00000 -999.00000 0.00743 -999.00000 -0.00000 -999.00000 -0.00000 
 31  -0.02527 -999.00000 -999.00000 -999.00000 -999.00000 -0.00000 -999.00000 -0.00000 
 32  -999.00000 -999.00000 -999.00000 -999.00000 -999.00000 -0.00000 -0.00000 -999.00000 
 33  -0.01665 -999.00000 -999.00000 -0.00330 -0.00000 -999.00000 -0.00000 -0.00000 
 34  -0.00505 -999.00000 -999.00000 -999.00000 -999.00000 -0.00000 -0.00000 -0.00000 
 35  -0.00927 -0.00000 -999.00000 -999.00000 -999.00000 -0.00000 -0.00000 -999.00000 
 36  0.01298 -999.00000 -999.00000 -0.00863 -999.00000 -0.00000 -999.00000 -0.00000 
 37  -0.01144 -999.00000 -999.00000 -0.00313 -0.00000 -0.00000 -0.00000 -0.00000 
 38  -999.00000 -999.00000 -999.00000 -999.00000 -0.00000 -999.00000 -0.00000 -0.00000 
 39  -0.00179 -999.00000 -999.00000 0.00289 -0.00000 -999.00000 -0.00000 -0.00000 
 40  0.00513 -999.00000 -999.00000 0.05455 -0.00000 -999.00000 -999.00000 -0.00000 
 41  0.00692 -999.00000 -999.00000 -0.00000 -999.00000 -999.00000 -999.00000 -0.00000 
 42  -0.01934 -999.00000 -999.00000 -999.00000 -999.00000 -0.00000 -999.00000 -0.00000 
 43  0.01852 -999.00000 -999.00000 0.00130 -999.00000 -999.00000 -0.00000 -999.00000 
 44  0.00994 -999.00000 -999.00000 0.00606 0.06667 -999.00000 -999.00000 -0.00000 
 45  0.01710 -999.00000 -999.00000 -999.00000 -999.00000 -999.00000 -0.00000 -0.00000 
 46  -0.00469 -999.00000 -999.00000 -0.00094 -999.00000 -999.00000 -0.00000 -999.00000 
 47  -0.01244 -999.00000 -999.00000 -999.00000 -999.00000 -999.00000 -999.00000 -999.00000 
 48  0.01391 -999.00000 -999.00000 -999.00000 -999.00000 -999.00000 -999.00000 -999.00000 
 49  0.01037 -0.00000 -999.00000 -0.00284 -999.00000 -0.00000 -999.00000 -999.00000 
 50  -0.02397 -0.00000 -999.00000 0.00182 -999.00000 -999.00000 -999.00000 -0.00000 
 51  0.01311 -0.00000 -999.00000 -999.00000 -999.00000 -999.00000 -999.00000 -999.00000 
 52  0.02596 -999.00000 -999.00000 -999.00000 -999.00000 -999.00000 -999.00000 -999.00000 
 53  -0.00743 -999.00000 -999.00000 -0.00533 -999.00000 -999.00000 -999.00000 -999.00000 
 54  -0.01314 -999.00000 -999.00000 0.04973 -999.00000 -0.00923 -999.00000 -999.00000 
 55  -999.00000 -999.00000 -999.00000 0.00536 -999.00000 -999.00000 -999.00000 -999.00000 
 56  -0.00632 -999.00000 -999.00000 -0.01569 -999.00000 0.06765 -999.00000 -999.00000 
 57  0.00811 -999.00000 -999.00000 -0.00345 -999.00000 -0.00364 0.07660 -999.00000 
 58  -999.00000 -999.00000 -999.00000 0.07532 -999.00000 -999.00000 0.07324 -999.00000 
 59  -0.00574 -999.00000 -999.00000 -999.00000 -999.00000 -0.04640 0.02273 -999.00000 
 60  -0.00621 -999.00000 -999.00000 -0.00836 -999.00000 0.00100 0.03167 -999.00000 
 61  0.00483 -999.00000 -999.00000 -999.00000 -999.00000 -0.00000 0.00135 -999.00000 
 62  0.01283 -999.00000 -999.00000 -999.00000 -999.00000 0.01514 0.00585 -999.00000 
 63  -999.00000 -999.00000 -999.00000 -0.00032 -999.00000 -0.02648 -0.00000 -999.00000 
 64  0.02423 -999.00000 -999.00000 -999.00000 -999.00000 -0.01278 0.00744 -999.00000 
 65  -999.00000 -999.00000 -999.00000 -999.00000 -999.00000 -0.00295 0.00192 -999.00000 
 66  -999.00000 -999.00000 -999.00000 -999.00000 -999.00000 -0.00762 -999.00000 -999.00000 
 67  -999.00000 -999.00000 -999.00000 0.00152 -999.00000 0.00329 -0.00387 -999.00000 
 68  -999.00000 -999.00000 -999.00000 -999.00000 -999.00000 -0.00156 0.02678 -999.00000 
 69  -0.02116 -999.00000 -999.00000 -999.00000 -0.00000 -0.00656 0.00143 -999.00000 
 70  -0.03639 -999.00000 -999.00000 -0.00251 -0.00000 -0.00529 0.00090 -999.00000 
 71  -0.00849 -999.00000 0.10000 -999.00000 -999.00000 0.00663 -0.00217 -999.00000 
 72  0.02039 -999.00000 -0.00000 -999.00000 -999.00000 0.00459 0.00147 -999.00000 
 73  0.01827 -999.00000 -999.00000 0.00455 -999.00000 -0.00886 0.01033 -999.00000 
 74  0.02014 -999.00000 -999.00000 -999.00000 -999.00000 -0.00755 -0.00638 -999.00000 
 75  0.00993 -999.00000 -999.00000 -999.00000 -999.00000 -0.02827 -0.01645 -999.00000 
 76  -0.00770 -999.00000 -999.00000 -999.00000 -999.00000 -0.02765 -0.00415 -999.00000 
 77  -0.00675 -999.00000 -999.00000 0.00011 -999.00000 0.01118 -0.03077 -999.00000 
 78  0.00898 -999.00000 -999.00000 -999.00000 -999.00000 0.00711 -0.00438 -999.00000 
 79  0.01074 -999.00000 -999.00000 -999.00000 -999.00000 0.00223 -0.01202 -999.00000 
 80  0.02118 -999.00000 -999.00000 -0.00267 -999.00000 0.00337 0.01194 -999.00000 
 81  0.01047 -999.00000 -999.00000 -999.00000 -999.00000 0.00872 0.00521 -999.00000 
 82  -0.38389 -999.00000 -999.00000 -999.00000 -999.00000 -0.00968 -0.00587 -999.00000 
 83  0.00543 -999.00000 -999.00000 -0.00064 -999.00000 0.00064 0.01046 -999.00000 
 84  0.00160 -999.00000 -999.00000 0.00181 -999.00000 0.00593 -0.00325 -999.00000 
 85  0.01369 -999.00000 -999.00000 -999.00000 -999.00000 0.00064 -0.01106 -999.00000 
 86  -0.41912 -999.00000 -999.00000 -999.00000 -999.00000 0.00024 0.00315 -999.00000 
 87  -0.03532 -999.00000 -999.00000 0.00312 -999.00000 -0.00636 -0.21108 -999.00000 
 88  -0.00176 -999.00000 -999.00000 -999.00000 -999.00000 -0.00626 -0.01366 -0.00000 
 89  0.00890 -999.00000 -999.00000 -999.00000 -999.00000 0.00065 -0.00303 -0.00333 
 90  -0.42012 -999.00000 -999.00000 0.00217 -999.00000 -0.03268 0.22137 -0.07042 
 91  -0.00095 -999.00000 -999.00000 -999.00000 -999.00000 0.91771 -0.00775 -0.02697 
 92  0.02214 -999.00000 -999.00000 -999.00000 -999.00000 -0.00200 0.05155 0.04444 
 93  -0.02247 -999.00000 -999.00000 -999.00000 -999.00000 -0.00798 -0.00000 -999.00000 
 94  -999.00000 -999.00000 -999.00000 -0.00222 -999.00000 -0.02783 0.04082 -0.04717 
 95  -0.00292 -999.00000 -999.00000 -999.00000 -999.00000 -0.00490 0.02000 -0.00000 
 96  0.01167 -999.00000 -999.00000 -999.00000 -999.00000 0.00427 0.00770 -0.00769 
 97  -0.00317 -999.00000 -999.00000 -0.00200 -999.00000 -0.00343 0.00443 -999.00000 
 98  0.04639 -999.00000 -999.00000 -999.00000 -999.00000 0.00142 0.00000 0.03804 
 99  0.00066 -999.00000 -999.00000 -999.00000 -999.00000 0.00717 0.00126 -0.00513 
 100  -0.01170 -999.00000 -999.00000 -0.15246 -999.00000 -0.00637 -0.01423 -999.00000 
 101  -0.01279 -999.00000 -999.00000 -999.00000 -999.00000 -0.00133 0.00971 -0.00667 
 102  -0.01236 -999.00000 -999.00000 -999.00000 -999.00000 -0.00000 0.00261 0.05556 
 103  0.00474 -999.00000 -999.00000 -999.00000 -999.00000 0.00177 0.32736 -0.03158 
 104  0.03710 -999.00000 -999.00000 -0.00033 -999.00000 -0.00176 0.00388 0.01358 
 105  -999.00000 -999.00000 -999.00000 -999.00000 -999.00000 -0.01793 0.00065 -0.01808 
 106  -0.02580 -999.00000 -999.00000 -999.00000 -999.00000 -0.01012 0.00826 0.01146 
 107  -0.02354 -999.00000 -999.00000 -0.00710 -999.00000 -0.00227 0.02087 -0.00900 
 108  -0.01797 -999.00000 -999.00000 -999.00000 -999.00000 -999.00000 0.00408 0.03284 
 109  -0.00750 -999.00000 -999.00000 -999.00000 -999.00000 -0.00459 0.00141 -999.00000 
 110  0.00481 -999.00000 -999.00000 -999.00000 -999.00000 -0.01139 0.00124 0.02843 
 111  -0.01605 -999.00000 -999.00000 -0.00071 -999.00000 0.00237 0.01279 0.02944 
 112  -0.38776 -0.00000 -999.00000 -999.00000 -999.00000 0.00041 -0.00757 0.00789 
 113  0.01985 -0.00000 -999.00000 -999.00000 -999.00000 -0.01118 -0.01410 -0.00165 
 114  -0.29479 -0.00000 -999.00000 -0.16810 -999.00000 -0.00693 0.00157 0.00304 
 115  0.01248 -999.00000 -999.00000 -999.00000 0.07812 -0.00589 -0.00609 0.00988 
 116  -0.02902 -999.00000 -999.00000 -0.00000 -999.00000 -0.00101 -0.00158 -0.01710 
 117  0.00056 -999.00000 -999.00000 0.00070 -999.00000 -0.00927 0.01082 -0.00753 
 118  0.00103 -999.00000 -999.00000 -999.00000 -999.00000 -999.00000 0.01554 0.01295 
 119  0.00335 -999.00000 -999.00000 -999.00000 -999.00000 -0.00092 0.01189 -0.02158 
 120  -0.00253 -999.00000 -999.00000 -999.00000 -0.00000 0.00491 -0.00094 -0.00450 
 121  -0.01340 -999.00000 -999.00000 0.00151 -0.08409 -0.00413 0.00964 -0.01856 
 122  -0.03582 -999.00000 -999.00000 -999.00000 -0.00496 -0.00144 0.00502 -0.00956 
 123  -0.02450 -999.00000 -0.00000 -999.00000 0.00182 -0.00459 0.02059 -0.00805 
 124  0.00245 -999.00000 -999.00000 -0.14633 -0.01157 -0.00222 0.01523 0.00124 
 125  0.00074 -999.00000 -999.00000 -999.00000 -0.00000 -0.00778 0.00452 -0.00393 
 126  -0.01285 -999.00000 -999.00000 -999.00000 -0.00000 -0.00388 0.01989 -0.02209 
 127  -999.00000 -999.00000 -999.00000 -0.00345 -0.00375 -0.00013 0.01327 -0.00912 
 128  -999.00000 -999.00000 -999.00000 -0.00354 -999.00000 0.00857 0.02063 0.00118 
 129  -999.00000 -999.00000 -999.00000 -0.00000 -0.16024 -999.00000 0.00088 -999.00000 
 130  -999.00000 -999.00000 -999.00000 -0.00609 -0.02994 0.00200 0.00709 -999.00000 
 131  -0.02150 -999.00000 -999.00000 -0.00335 -999.00000 -999.00000 0.01664 -999.00000 
 132  -0.00857 -999.00000 -999.00000 -999.00000 -0.00215 -0.00144 0.01161 -999.00000 
 133  -0.03896 -999.00000 -999.00000 -0.00000 -999.00000 -0.00104 0.01597 0.00909 
 134  -999.00000 -999.00000 -999.00000 0.00400 -999.00000 -0.16516 0.01593 -0.03093 
 135  -0.02512 -999.00000 -999.00000 -999.00000 -999.00000 0.00180 0.00424 0.00891 
 136  -0.00508 -999.00000 -999.00000 -0.00000 0.02830 -0.00758 0.00349 -999.00000 
 137  -0.01930 -999.00000 -999.00000 -0.00160 -0.21231 0.00151 0.00150 0.00952 
 138  -0.00797 -999.00000 -999.00000 -0.00233 -999.00000 -0.00373 -0.01896 -0.01875 
 139  -1.41910 -999.00000 -999.00000 -999.00000 -999.00000 0.00037 0.00609 -0.00188 
 140  -0.00609 -999.00000 -999.00000 -999.00000 0.04340 -0.00683 -0.00310 -0.00694 
 141  -0.00402 -999.00000 -999.00000 -0.00068 -0.16140 -0.00292 0.03058 0.01583 
 142  -0.01674 -999.00000 -999.00000 -999.00000 0.02353 0.00493 0.01439 -0.01395 
 143  0.02853 -999.00000 -999.00000 -0.00000 0.07364 -0.00032 0.00363 -0.00250 
 144  -0.00691 -999.00000 -999.00000 -0.00631 -0.01429 -0.01365 0.03110 -0.03010 
 145  -0.00065 -999.00000 -999.00000 -999.00000 -0.00846 -0.00316 0.03454 0.00217 
 146  -0.01560 -999.00000 -999.00000 -999.00000 0.01620 -999.00000 0.01072 -0.01039 
 147  -0.02175 -999.00000 -999.00000 0.01172 -0.00803 -0.00159 -0.00196 0.02022 
 148  0.01119 -999.00000 -999.00000 0.01353 -999.00000 -999.00000 0.01629 0.01587 
 149  -0.33093 -0.00000 -999.00000 -999.00000 0.01236 -0.00488 0.01244 -0.00443 
 150  0.01162 -999.00000 -999.00000 -0.00236 -0.23175 -0.00040 0.00488 0.00296 
 151  -0.00174 -999.00000 -999.00000 -0.00772 0.03125 -0.01416 0.02711 -0.02826 
 152  0.01498 -0.00000 -999.00000 -999.00000 0.00061 -0.00977 -0.00030 0.01989 
 153  -0.01029 -0.02727 -999.00000 -999.00000 0.01977 0.00791 0.00160 -0.00931 
 154  -0.00310 -999.00000 -999.00000 0.00554 0.02841 -0.01207 0.02341 0.00566 
 155  -0.00521 0.00286 -999.00000 -999.00000 0.00889 -0.00633 0.00150 -0.00035 
 156  0.00984 -999.00000 -999.00000 -999.00000 0.00545 -0.00223 0.00985 -0.00629 
 157  0.00158 -999.00000 -999.00000 -0.01032 -0.32655 0.00242 0.00740 -0.01961 
 158  0.00568 -0.02791 -999.00000 -0.00303 -0.06809 -999.00000 0.00219 0.00274 
 159  0.00891 -0.06667 -999.00000 -999.00000 0.00189 -0.00336 0.00271 0.02469 
 160  -999.00000 -0.01522 -999.00000 -999.00000 0.01114 -0.00793 0.00882 -0.00557 
 161  0.00509 -0.11011 -999.00000 0.13312 -0.04611 0.19445 0.00500 -0.00408 
 162  0.01053 -999.00000 -999.00000 -999.00000 0.03919 0.00695 0.00612 0.00805 
 163  -0.04756 -0.03750 -999.00000 -999.00000 -0.23692 0.00164 0.00137 0.00211 
 164  -0.03249 -0.07059 -999.00000 0.00748 0.03834 0.00939 0.00190 -0.00385 
 165  -0.00236 -0.04627 -999.00000 -999.00000 -0.01436 0.00487 -0.00172 -0.00000 
 166  0.03776 0.00545 -999.00000 -0.00000 -0.03590 -999.00000 0.00015 -0.01701 
 167  0.31092 -0.05000 -999.00000 0.00731 0.01106 -0.00863 0.00248 0.00306 
 168  -0.01240 -0.01507 -999.00000 0.00787 0.01003 -999.00000 0.00500 -0.00000 
 169  -999.00000 -0.00645 -999.00000 -999.00000 -0.00295 -0.00151 -0.00757 0.02090 
 170  -0.69019 -0.03019 -999.00000 -0.01154 -0.01976 -0.00075 -0.00591 0.00852 
 171  0.04339 0.01461 -999.00000 0.00041 0.05660 -0.00533 -0.00097 -0.00056 
 172  -0.02299 -0.01963 -999.00000 -999.00000 0.00907 0.00332 -0.00783 -0.00120 
 173  -0.04699 -0.05376 -999.00000 -0.00000 0.02047 0.00426 -999.00000 -0.01022 
 174  -0.02780 -999.00000 -999.00000 -0.00260 -0.01784 -0.01065 0.01217 -0.00057 
 175  -0.03074 -0.03491 -999.00000 -999.00000 -0.00826 -0.00217 0.00125 0.00470 
 176  -0.07382 -0.04954 -999.00000 -999.00000 -0.00642 -0.02030 0.03496 0.01096 
 177  -0.08202 0.00109 -999.00000 0.00788 -0.00204 -0.00189 0.00507 0.00161 
 178  0.05632 0.00404 -999.00000 0.00345 -0.00042 -0.01999 -0.01088 -0.00187 
 179  -0.03051 -0.00948 -999.00000 -999.00000 0.01235 0.00723 0.01698 -0.00699 
 180  -0.04510 -0.04198 -999.00000 -999.00000 0.00242 -0.00865 0.01474 -0.00140 
 181  -0.04152 -0.04621 -999.00000 -0.00708 -0.02295 -999.00000 0.00973 -0.00131 
 182  -0.00526 -0.00176 -999.00000 -999.00000 -0.00372 -0.01513 -0.00030 -0.00281 
 183  -0.06936 -0.00463 -999.00000 -999.00000 0.00190 0.00092 0.02520 0.00916 
 184  -999.00000 -0.05238 -999.00000 0.00230 0.00815 -0.00174 -0.00276 0.00710 
 185  -0.00180 -0.01566 -999.00000 0.00116 -0.23650 -0.02357 0.01069 -0.00156 
 186  -0.07001 -0.03831 -999.00000 -999.00000 0.00198 -0.00291 0.00120 -0.00393 
 187  -999.00000 -999.00000 -999.00000 -0.00000 0.00145 0.00213 0.01427 -0.00141 
 188  -0.04519 -0.04024 -999.00000 -0.00447 -0.01007 -0.00000 0.00719 -999.00000 
 189  -0.04218 -0.02290 -999.00000 -999.00000 -0.00091 0.00591 -0.00196 -0.00281 
 190  -0.02297 0.00741 -999.00000 -999.00000 -0.00095 -0.00176 -0.25969 0.00045 
 191  -999.00000 -0.00924 -999.00000 -0.00022 -0.00476 -0.00438 -0.00020 -0.00823 
 192  -999.00000 -999.00000 -999.00000 -999.00000 -0.00067 0.00117 0.00916 0.00800 
 193  -999.00000 -999.00000 -999.00000 -0.00000 0.00474 -0.00167 -0.00929 -999.00000 
 194  -999.00000 -999.00000 0.03333 0.00144 0.00315 -999.00000 0.00490 -0.01345 
 195  0.02780 -999.00000 0.00759 0.00217 -0.01310 -0.00271 0.00900 -999.00000 
 196  0.04396 -999.00000 -0.00401 -999.00000 -0.00031 -0.01294 0.01795 -0.00782 
 197  -999.00000 -0.01786 0.00098 0.00874 -0.00465 -0.00138 0.02067 -0.02138 
 198  0.03744 -0.00075 0.00759 -999.00000 0.00076 -999.00000 0.00209 -0.00851 
 199  0.01913 -0.03285 0.01003 -999.00000 0.00920 -0.00397 -0.01315 -0.01037 
 200  0.01259 -0.03185 0.08283 -999.00000 0.01523 -0.00197 -0.00110 -0.00452 
 201  0.00766 0.00786 0.01863 -0.00307 -0.00164 0.01687 -0.00481 -0.00811 
 202  0.02064 -0.00794 0.05398 -999.00000 -0.01180 0.00270 0.01917 -0.00370 
 203  0.02926 -0.00227 0.05330 -0.00000 -0.00853 -0.00100 0.00858 -0.00530 
 204  0.01103 -0.01111 0.04175 -0.00208 -0.01011 -0.01081 -0.00749 -0.00279 
 205  0.01538 -0.00741 0.02426 0.00250 -0.01555 -999.00000 0.00856 -0.00771 
 206  0.01678 -0.04785 0.00136 -999.00000 0.00665 -0.01481 -0.01341 -0.00241 
 207  -0.00972 -0.00483 -0.03102 -999.00000 0.00297 0.00263 -0.01016 0.00054 
 208  0.01033 0.00000 0.00339 0.00258 -0.01469 -0.00590 -999.00000 0.00139 
 209  0.03142 0.00364 -0.00705 -999.00000 0.02225 -0.00993 -0.00063 -0.03320 
 210  0.01272 -0.02833 0.10398 -999.00000 0.00096 -0.02231 -0.00836 -0.01695 
 211  0.01126 -0.02526 0.12255 -0.00669 -0.00000 -0.00874 -0.00476 -0.00756 
 212  -0.02728 0.00364 0.07566 0.00931 -0.01733 -999.00000 -999.00000 -0.00791 
 213  -0.00549 -0.05251 0.02661 -999.00000 1.14460 -0.00832 -0.01092 -0.00685 
 214  0.04208 -0.00162 -0.01126 -0.00000 0.00135 0.02098 0.00784 -0.01151 
 215  -0.00934 -0.00679 -0.00565 0.00529 -0.00495 -999.00000 0.02656 -0.00063 
 216  0.01042 -0.00202 -0.04897 -999.00000 -0.00549 -0.01479 -0.00747 -0.02521 
 217  -999.00000 -0.03420 -0.04427 -999.00000 -0.01888 1.27039 -0.00119 0.00604 
 218  0.01189 -0.02364 0.09272 -0.01891 -0.00252 -0.00927 0.00079 -0.00080 
 219  -0.01141 -0.00399 0.05315 -999.00000 -0.02827 -0.00971 0.00839 -0.00054 
 220  -0.07849 0.01286 -0.04710 -999.00000 0.02518 -0.01153 0.01452 0.00646 
 221  -0.00455 -0.04242 -0.05146 -0.00264 -0.02840 -0.17436 0.01682 0.00017 
 222  0.05024 -0.02744 -0.03340 -999.00000 -0.02025 -0.00365 -0.03078 -0.01045 
 223  -0.01023 -0.00054 -0.03487 -999.00000 0.00463 -0.01063 -0.00731 -0.14615 
 224  0.00938 0.01366 -0.00832 -999.00000 -0.00529 -0.00142 -0.01607 -0.01944 
 225  -0.05876 0.01149 0.23896 -0.00763 -0.00728 -999.00000 -0.03153 -0.00028 
 226  -0.00089 -0.01990 0.02469 -999.00000 -0.00259 0.17655 0.00081 0.00913 
 227  -0.10051 -0.02682 -0.00211 -999.00000 -0.00760 -0.00881 -0.02055 -0.01947 
 228  -0.09157 -0.00000 0.00104 -0.00291 1.16018 -999.00000 -0.00507 0.00033 
 229  0.00265 -0.01333 -0.07212 -999.00000 0.00026 0.01567 0.02385 0.00093 
 230  -0.05775 -0.01304 0.00063 -999.00000 0.00085 -0.00906 0.01358 -0.00812 
 231  -0.06000 0.00191 -0.08096 0.00921 -0.00047 -0.01609 -0.00788 -0.00000 
 232  -0.06832 -0.01411 0.13953 -0.00627 0.00157 -0.00141 -0.00072 0.00118 
 233  -0.18278 0.01418 0.00693 -999.00000 0.00447 -0.01171 0.01727 -0.00058 
 234  -0.08852 0.02171 0.12089 -999.00000 -0.02073 0.02165 0.00232 -0.20472 
 235  -0.12994 -999.00000 0.00636 -0.00698 0.00385 -0.00308 -999.00000 -0.02410 
 236  0.00630 0.00754 -0.07787 -999.00000 0.00845 -0.01499 -0.00107 -999.00000 
 237  -0.00077 -0.02165 -0.01598 -999.00000 -0.00784 -0.01204 -0.00486 -0.02147 
 238  0.02367 -0.00087 0.02415 -0.00046 -0.01540 -0.00000 -0.01847 -0.02216 
 239  -0.01326 -0.00000 0.00555 -999.00000 0.00163 -0.02386 -0.23398 0.00649 
 240  -0.07663 0.02667 -0.03707 -0.00000 -999.00000 0.00165 -999.00000 -0.00699 
 241  0.01173 -0.00548 -0.02995 -0.00391 -0.00200 -0.00308 -0.00959 0.00723 
 242  0.00951 -0.02780 0.02837 -0.00729 -0.00679 -0.01119 0.00787 -0.00940 
 243  0.01277 -0.01941 -0.00299 -999.00000 -0.00000 -0.02248 0.00644 -0.02624 
 244  -0.00000 -0.00240 0.01966 -999.00000 0.00461 -0.03291 -0.00532 -0.01278 
 245  0.00063 -0.00207 -0.04438 0.00211 0.00807 -999.00000 -999.00000 -0.06906 
 246  -999.00000 -0.02555 -0.02868 -999.00000 -0.00516 -0.00344 -0.01927 -0.01382 
 247  0.04229 -0.01089 -0.02103 -0.00000 -0.00137 -0.00750 -0.01730 -0.00188 
 248  0.01892 -0.00812 -0.00077 0.00044 0.00122 -0.01392 -0.02692 -0.00968 
 249  0.01053 -0.01836 0.11093 -999.00000 -0.00921 -0.01777 0.00214 -0.00419 
 250  0.01825 -0.02374 -0.06620 -999.00000 -0.00317 -0.01682 -0.01766 0.00920 
 251  0.01905 -0.00510 -999.00000 -0.00000 -0.00759 -0.00243 0.00271 -0.00814 
 252  0.01064 0.00661 -0.02997 -0.00277 -0.00828 -0.02015 -999.00000 -999.00000 
 253  0.02257 -0.00445 0.00651 -999.00000 0.00164 -0.00153 0.00650 0.00255 
 254  0.01814 0.01379 -0.03687 -999.00000 0.00134 -0.00425 0.00961 -0.00831 
 255  0.02362 0.01016 0.02833 -0.00197 0.00341 -0.00748 0.00642 -0.00370 
 256  0.02507 0.00151 0.04318 -999.00000 -0.01037 0.00243 0.01074 0.00805 
 257  -0.13886 -0.01141 -999.00000 -999.00000 -0.00176 -999.00000 -999.00000 -999.00000 
 258  -0.11662 0.00500 -0.10035 0.00083 -0.00752 -999.00000 -999.00000 -999.00000 
 259  -0.25510 -0.00665 0.00917 -999.00000 -0.00000 -999.00000 0.01749 -999.00000 
 260  -0.14156 -0.00497 -0.28922 -999.00000 -0.00712 -999.00000 0.00346 -999.00000 
 261  -0.20333 0.00168 0.05243 -0.00436 -0.00017 -0.01342 -0.00297 0.00000 
 262  -0.20858 -0.00038 0.00495 -999.00000 -0.00135 -0.00641 -0.01068 -0.01580 
 263  -0.16949 0.00221 0.00995 -999.00000 -0.00018 -999.00000 0.00440 -0.00396 
 264  -0.25583 -0.00189 -0.03575 0.00278 -0.00980 -999.00000 -0.00134 -0.00839 
 265  -0.10111 0.00030 -0.06107 0.01168 -0.01547 0.00016 0.02145 0.00770 
 266  -0.28479 -0.03392 -0.02170 -999.00000 -0.00853 -0.00164 -0.03715 -0.00324 
 267  -0.17966 -0.01103 -0.09654 -999.00000 -0.02655 -0.00000 0.00060 -0.33937 
 268  -0.18807 0.02098 -0.05161 0.01114 0.01019 0.00018 0.00186 0.00764 
 269  -0.10595 -0.02003 -0.02141 -999.00000 -0.00589 -0.01156 0.01677 -0.01193 
 270  -0.27310 -0.00035 -999.00000 -999.00000 -0.00958 -0.00000 0.01662 -0.00150 
 271  -999.00000 -0.02016 -0.00514 0.00062 -0.00819 -0.00574 0.01115 0.00419 
 272  -0.23333 -0.00829 -0.05172 -0.00083 -0.00140 -0.00131 -0.02664 -0.01088 
 273  -0.35846 0.01684 -0.01645 -0.00000 0.00297 -999.00000 0.01477 0.00737 
 274  -0.20210 0.00029 -0.00271 -999.00000 -0.00118 0.00175 0.02460 -0.02476 
 275  -0.22510 -0.02272 -0.02632 -0.01179 0.00016 -0.00059 0.00713 0.00090 
 276  -0.25067 -0.01012 -0.00918 -999.00000 0.01765 -0.02231 0.01781 0.00804 
 277  -0.17689 0.00458 0.07679 -999.00000 -0.00018 -999.00000 -0.26457 -0.01804 
 278  -0.20758 -0.01693 -0.03272 -0.00748 0.00249 -0.00230 0.01923 -0.00419 
 279  -0.30112 0.00648 -0.07274 -999.00000 0.00356 -0.01320 -0.01789 0.02334 
 280  -0.35220 0.00255 0.02262 -999.00000 0.03144 -999.00000 0.00641 0.01269 
 281  -0.10478 -0.01448 -0.06864 0.01048 0.00032 -0.00737 -0.00731 0.01359 
 282  0.09432 -0.02398 0.07470 0.02118 -0.00348 -0.02189 0.00917 -0.00725 
 283  -0.25749 0.00938 -0.01514 -999.00000 -0.01568 -0.00000 0.00223 -0.00438 
 284  -0.24850 -0.01500 -0.00279 -999.00000 -0.00331 -0.01335 0.00413 -0.01890 
 285  -0.16580 0.01449 -0.07749 -0.00122 -0.00078 0.00409 -0.02884 0.00403 
 286  -0.32102 -0.00000 0.04127 -0.02154 0.00546 -0.01958 0.00294 0.01574 
 287  -0.01984 -0.00852 -0.01687 -999.00000 0.00147 -0.00000 -0.00401 0.01218 
 288  -999.00000 0.00147 0.01404 0.00112 0.00029 -0.00896 0.00140 0.01629 
 289  -0.28995 0.00898 -0.03244 -0.00522 -0.00139 -0.01423 0.02128 0.00052 
 290  -0.58132 -0.01749 -0.05957 -999.00000 -0.01691 -999.00000 0.00343 0.00334 
 291  -0.18098 -0.01841 -0.10235 -999.00000 0.00328 -0.00320 -0.00335 0.01076 
 292  -0.20777 0.00914 -0.01632 -0.00425 0.00070 0.00394 0.00095 0.20504 
 293  -0.21543 0.00042 -0.04602 -999.00000 0.00180 -0.00000 0.00223 -0.00191 
 294  -0.37391 0.01330 -0.04587 -999.00000 -0.00568 -0.02511 0.00330 -0.00611 
 295  -0.21369 0.00195 0.01260 0.00776 -0.00717 -0.01446 -0.33028 0.00959 
 296  -0.12742 -0.00657 -0.08772 -999.00000 -0.00322 -0.02276 0.00145 0.03835 
 297  -0.26395 -0.01805 -0.09419 -0.00000 0.01218 -999.00000 0.00180 0.01138 
 298  -0.15595 -0.00316 -0.03784 0.01646 -0.00368 0.00463 -0.03676 0.02782 
 299  -0.07126 -0.00594 -0.02211 -0.00161 -0.00257 -0.00117 0.01007 0.04897 
 300  -0.23371 0.01492 0.01554 -0.00000 -0.00068 -999.00000 0.01300 0.00079 
 301  -0.32313 0.01217 0.00381 -0.01977 -0.01422 -0.00926 -0.01239 0.00527 
 302  -0.18605 -0.00367 -0.07262 -0.00795 0.00102 -0.01324 0.01254 0.01587 
 303  -0.24192 0.00911 0.00724 -999.00000 -0.00048 -0.00000 0.01803 0.00526 
 304  -0.26827 0.00051 -0.00933 -0.00000 -0.00973 -0.00148 -0.00032 0.00796 
 305  -0.27616 -0.01407 -0.00720 0.01178 -999.00000 -0.00429 -0.01968 0.03070 
 306  -0.15000 -0.00622 -0.00756 -999.00000 0.00246 -0.00000 -0.00087 -0.00033 
 307  -0.23082 -0.00265 0.00016 -999.00000 0.00355 -999.00000 -0.00049 0.01253 
 308  -0.34852 0.00508 -0.01588 -0.00973 -0.01127 -0.01011 -0.01378 0.00868 
 309  -0.00000 -0.00773 -0.09086 -0.00590 -0.00262 0.00581 -0.01485 0.00273 
 310  -0.22932 0.01266 0.00357 -999.00000 -0.00331 -999.00000 -0.01880 0.01572 
 311  -0.00870 0.00164 -999.00000 -0.00129 -0.00081 -0.00245 0.00426 -0.11064 
 312  -0.23838 -0.00437 -0.07472 0.00146 0.00386 -0.00152 0.00733 0.00491 
 313  0.00069 0.00061 0.00124 -999.00000 -0.02560 -0.00000 -0.00805 0.00630 
 314  -0.27138 -0.00200 -0.08732 -999.00000 -0.00000 -0.01547 0.03879 0.01538 
 315  0.20121 -0.01034 -999.00000 -0.00390 -0.00405 -0.00738 0.00175 0.00011 
 316  -0.28638 -0.00063 -0.00745 -999.00000 0.00172 -999.00000 -0.00017 0.01753 
 317  -0.36327 -0.00197 0.01323 -999.00000 -0.00152 -0.00161 0.01166 -0.00126 
 318  -0.10889 -0.00142 -0.06101 -0.01541 -999.00000 -0.01440 -0.00067 0.01142 
 319  -999.00000 -0.01331 0.01104 -999.00000 0.00501 -0.00467 -0.00512 0.01256 
 320  -999.00000 -0.00077 -0.03345 -999.00000 0.01060 -999.00000 -0.02146 -0.00525 
 321  -999.00000 -0.01115 -999.00000 0.00626 -0.00140 -999.00000 -999.00000 0.01218 
 322  -999.00000 0.00742 0.02006 -0.00156 0.00198 -999.00000 -999.00000 -0.00574 
 323  -0.29400 0.00463 -0.02983 -999.00000 -0.01560 -999.00000 0.01525 0.01350 
 324  -0.02162 -0.00195 0.03549 -999.00000 0.00084 -999.00000 -999.00000 0.00727 
 325  -0.19716 -0.01425 0.01909 0.00077 -0.00524 -999.00000 -0.02455 0.02079 
 326  -0.32923 0.00213 -0.04317 -999.00000 0.00021 -999.00000 -999.00000 0.01429 
 327  -999.00000 -0.00306 -0.02270 -999.00000 -0.01232 -0.00000 -999.00000 -0.00200 
 328  -0.24778 -0.00870 0.00516 0.00268 0.00528 -0.00790 0.00186 0.00189 
 329  -0.43636 -0.01590 -0.00138 -0.00243 -0.00019 0.00077 -0.01456 -0.01260 
 330  -0.19744 0.00304 0.08861 -0.00000 -0.00353 -999.00000 -0.04017 -0.00220 
 331  0.05579 -0.01404 0.01344 -0.01208 -0.01070 -0.00077 -0.02690 0.01658 
 332  -0.11698 -0.02497 -0.01338 -0.00543 0.00148 0.00064 -0.00163 0.00921 
 333  -0.13377 0.00776 -0.01341 -999.00000 -0.01975 -999.00000 -0.01281 0.01844 
 334  -0.01548 -0.01634 -0.05220 -0.00682 -0.00645 -0.00695 -0.00810 0.00139 
 335  -0.41000 -0.01654 -0.03373 -0.02080 -0.00384 -0.00261 -0.02189 0.00109 
 336  -1.16283 0.00098 0.03078 -999.00000 -999.00000 -999.00000 -0.02460 0.02071 
 337  -0.31594 -0.00564 -0.02637 -999.00000 -0.00665 -999.00000 -0.01223 0.01159 
 338  -0.71130 -0.00732 -0.00833 0.01166 0.00304 0.00000 -0.01317 -0.00136 
 339  -0.77087 -0.01338 -999.00000 -999.00000 0.00009 -999.00000 -0.00142 0.00558 
 340  -999.00000 -0.01356 -0.02317 -0.00000 0.00385 -999.00000 0.01154 0.01893 
 341  -999.00000 -0.00235 0.03333 -0.00202 -0.01058 -0.02356 -0.00685 0.00949 
 342  -999.00000 -0.00929 -0.20802 -999.00000 0.00603 -0.00000 0.02827 0.00408 
 343  -999.00000 0.00843 -0.04068 -999.00000 -0.00236 -999.00000 0.01156 -0.00689 
 344  -999.00000 -999.00000 -0.00107 -999.00000 -0.00000 0.00255 -0.00314 -999.00000 
 345  -999.00000 -0.02759 -0.25946 0.14673 -0.00091 -0.02685 0.01436 0.00885 
 346  -999.00000 0.00506 0.01387 -0.00000 0.00109 -0.00000 -0.00304 -999.00000 
 347  -999.00000 -0.00084 -0.00611 -0.00128 -0.01617 0.03413 -0.00573 0.01153 
 348  -999.00000 0.00459 0.00107 -0.02383 0.00215 -0.01571 -0.01684 0.00468 
 349  -999.00000 -0.01006 -0.02348 -999.00000 0.00268 -999.00000 0.08744 0.01485 
 350  -999.00000 -0.01515 0.00397 -999.00000 0.00938 0.00429 -0.00826 -0.00299 
 351  -999.00000 -0.01378 -0.00403 -0.00551 0.29312 -0.00000 -0.03745 0.01156 
 352  -999.00000 -0.03701 -999.00000 -999.00000 0.00096 -0.00581 -0.00330 0.01732 
 353  -999.00000 0.01248 -0.02939 -999.00000 0.00724 -999.00000 -0.05497 0.01873 
 354  -999.00000 -0.01947 0.02606 -0.02203 -0.00880 0.00078 -0.03494 -0.00244 
 355  -999.00000 -0.00757 0.06500 0.00106 -0.01220 0.00744 0.01755 0.00388 
 356  -999.00000 -0.00247 0.00854 -999.00000 -0.01940 -999.00000 -0.00481 0.00941 
 357  -999.00000 -0.00180 -0.01328 0.00511 0.01083 -0.01354 -0.01005 0.00455 
 358  -999.00000 0.01227 -0.00428 -0.01406 0.01437 0.01319 -0.00360 0.00009 
 359  -999.00000 -0.01350 -0.00834 -0.00000 -0.01685 -999.00000 0.02049 -0.19934 
 360  -999.00000 -0.00318 0.03587 -999.00000 -0.00233 0.00456 -0.02722 0.00869 
 361  -999.00000 -0.01031 0.01910 -0.01090 0.00602 -0.00151 0.00000 0.01222 
 362  -999.00000 -0.00132 -999.00000 -999.00000 -0.00723 -0.00132 -0.04950 0.00508 
 363  -999.00000 0.00612 0.03491 -999.00000 -0.00109 -999.00000 -0.03062 -999.00000 
 364  -999.00000 0.01251 0.02611 -0.02679 0.01732 -0.02056 -0.10307 0.01850 
 365  -999.00000 -0.00287 0.03899 -0.03882 0.00379 0.00129 -0.00547 -999.00000 
 366  -999.00000 -0.01557 0.04809 -999.00000 -0.00816 -999.00000 -0.03564 0.01300 
 367  -999.00000 -0.00475 0.00725 -0.00727 0.00336 -0.01101 0.03709 0.00878 
 368  -999.00000 0.00088 -0.00710 -0.02745 0.00444 -0.00504 -0.29076 -0.00017 
 369  -999.00000 0.00144 -0.01046 -999.00000 0.01178 -999.00000 -0.00324 0.01018 
 370  -999.00000 -0.02307 0.03403 -999.00000 -0.00264 -0.01953 -0.01793 -0.00168 
 371  -999.00000 -0.00043 -999.00000 0.03134 0.00023 -0.00680 0.00243 0.01144 
 372  -999.00000 0.00398 0.00597 -999.00000 0.00277 -0.00000 -0.01892 0.01457 
 373  -999.00000 -0.00405 0.01500 -999.00000 -0.00185 -0.00000 -0.02895 0.00833 
 374  -999.00000 -0.02282 0.02049 0.00147 0.00997 -0.00355 -0.02486 0.00042 
 375  -999.00000 -0.02940 -999.00000 -0.00000 -999.00000 -999.00000 -0.02567 0.00697 
 376  -999.00000 -0.00014 0.02132 -0.00000 0.01823 -0.00000 0.02236 0.02896 
 377  -999.00000 0.00000 0.00695 -0.06667 0.01726 0.00423 -0.01016 0.00584 
 378  -999.00000 -0.00558 0.01378 -999.00000 -0.00624 0.00054 -0.03852 0.00707 
 379  -999.00000 -0.00236 0.00648 -999.00000 0.00979 -999.00000 -0.00535 0.01133 
 380  -999.00000 -0.00280 0.03051 -999.00000 0.00591 -0.01786 -999.00000 0.00739 
 381  -999.00000 -999.00000 0.04310 -0.00000 -0.00532 -0.01148 -0.00151 0.00128 
 382  -999.00000 -0.00066 -0.00945 -999.00000 0.01312 -0.00000 -0.03880 0.00610 
 383  -999.00000 -0.02011 -0.00308 -0.00000 -0.00202 -0.04109 -0.00515 0.02664 
 384  -999.00000 -0.01032 0.00100 -999.00000 0.02402 0.00085 0.00594 0.00341 
 385  -999.00000 -0.00906 0.02902 -999.00000 0.00582 0.00804 -0.00711 0.02012 
 386  -999.00000 -999.00000 -999.00000 -999.00000 -999.00000 -0.00107 -999.00000 -999.00000 
 387  -999.00000 -0.00831 0.00375 -999.00000 -999.00000 0.02032 -0.00579 0.01433 
 388  -999.00000 -0.00405 -0.00253 -999.00000 -0.01209 0.00172 -0.01456 -999.00000 
 389  -999.00000 -999.00000 0.00617 -0.00000 -0.02824 -999.00000 -0.00069 0.02028 
 390  -999.00000 -0.00395 -0.00811 -999.00000 -0.02553 0.00108 0.05762 0.01840 
 391  -999.00000 -0.00419 0.00841 -999.00000 -0.00445 -0.02333 -0.01261 0.00815 
 392  -999.00000 0.00353 -999.00000 -999.00000 0.00602 -999.00000 -0.03854 0.01594 
 393  -999.00000 -0.00524 0.01116 -0.00000 0.00141 0.00619 0.02727 -0.13442 
 394  -999.00000 -0.02507 0.03641 -999.00000 0.02567 -0.00368 -0.00077 0.01748 
 395  -999.00000 -0.01028 -999.00000 -999.00000 0.00916 0.00209 -0.03610 0.01174 
 396  -999.00000 -0.00451 0.00364 -999.00000 0.01408 -999.00000 -0.03825 0.00976 
 397  -999.00000 -0.00738 0.01616 -999.00000 0.03290 -0.00219 0.00124 0.03400 
 398  -999.00000 -0.00440 0.01386 -999.00000 -0.01612 0.00690 -0.01646 -0.00242 
 399  -999.00000 -0.03070 -0.00248 -0.00000 0.02860 -999.00000 -0.07817 0.02261 
 400  -999.00000 -0.00340 0.01902 -999.00000 -0.03630 -999.00000 0.01134 0.01610 
 401  -999.00000 -0.00234 0.02297 -999.00000 -0.01157 -0.02793 -0.00254 0.01370 
 402  -999.00000 0.00586 -999.00000 -0.00000 -0.00226 -999.00000 0.07946 0.01175 
 403  -999.00000 -0.00542 0.02301 -0.00000 0.01818 0.02720 -0.10532 0.01383 
 404  -999.00000 -0.00581 -0.01612 -999.00000 0.03162 0.03504 -0.01474 0.01089 
 405  -999.00000 -0.01117 0.01130 -999.00000 0.00943 0.02941 0.00619 0.00541 
 406  -999.00000 -0.00780 0.01320 -999.00000 -0.00679 -999.00000 0.00408 0.01699 
 407  -999.00000 -0.01701 0.01111 -999.00000 0.01625 0.01458 0.04648 0.01665 
 408  -999.00000 -0.01140 -0.01979 -0.00000 -0.00416 0.04468 -0.03758 0.00717 
 409  -999.00000 0.00071 0.03483 -0.00000 -0.00619 -999.00000 -0.01037 0.00649 
 410  -0.00000 -0.00828 -0.00590 -999.00000 -999.00000 0.12477 -0.06087 0.02051 
 411  -999.00000 -0.00985 0.01817 -999.00000 -0.00494 -0.27810 0.00465 0.00052 
 412  -999.00000 -0.03472 0.03758 -999.00000 -0.00153 -999.00000 -0.00645 0.01759 
 413  -999.00000 -0.01491 0.00772 -999.00000 0.00754 -0.01000 -0.10755 0.00045 
 414  -999.00000 0.00460 -0.01443 -999.00000 0.16884 -0.00941 0.04909 0.00460 
 415  -999.00000 -0.00059 -999.00000 -999.00000 0.00307 -999.00000 0.00792 -0.00310 
 416  -999.00000 0.00782 -0.00305 -999.00000 -0.00300 -999.00000 -0.00000 0.01746 
 417  -999.00000 -0.00763 -0.00123 -999.00000 0.00484 0.06234 -999.00000 0.01410 
 418  -999.00000 -0.00230 -999.00000 -999.00000 -0.00282 -999.00000 -999.00000 -0.00254 
 419  -999.00000 -0.00962 0.00540 -999.00000 0.03014 -999.00000 -999.00000 0.00746 
 420  -999.00000 -0.00905 0.00454 -999.00000 0.00829 -999.00000 -999.00000 0.00849 
 421  -999.00000 -0.00140 0.01461 -999.00000 0.00696 -999.00000 -999.00000 0.02105 
 422  -999.00000 0.00630 -0.04776 -999.00000 0.19045 -999.00000 -999.00000 0.02300 
 423  -999.00000 0.00263 -0.01635 -999.00000 0.01168 -999.00000 -999.00000 0.00390 
 424  -999.00000 -0.00660 -0.00442 -999.00000 0.02934 -999.00000 -999.00000 0.01811 
 425  -999.00000 -0.01581 -999.00000 -999.00000 0.00987 -999.00000 -999.00000 0.01804 
 426  -999.00000 -0.00240 -0.01193 -999.00000 -0.00687 -999.00000 -999.00000 0.00296 
 427  -999.00000 0.00528 -0.00278 -999.00000 0.01213 -999.00000 -999.00000 0.01149 
 428  -999.00000 0.00270 0.01410 -999.00000 0.00484 -999.00000 -999.00000 -0.00098 
 429  -999.00000 -0.00288 0.00100 -999.00000 0.01342 -999.00000 -999.00000 0.00665 
 430  -999.00000 0.00083 0.01935 -999.00000 -999.00000 -999.00000 -999.00000 0.02983 
 431  -999.00000 0.00375 -0.01187 -999.00000 0.02010 -999.00000 -999.00000 0.01131 
 432  -999.00000 -0.00279 -999.00000 -999.00000 0.01046 -999.00000 -999.00000 0.01029 
 433  -999.00000 -0.01788 -0.00154 -999.00000 -999.00000 -999.00000 -999.00000 0.00889 
 434  -999.00000 0.00620 -0.01177 -999.00000 0.01073 -999.00000 -999.00000 0.01034 
 435  -999.00000 -0.00690 0.02725 -0.00000 0.01070 -999.00000 -999.00000 0.00325 
 436  -999.00000 -0.00400 -0.01186 -0.00000 0.00920 -999.00000 -999.00000 0.00492 
 437  -999.00000 -0.00864 0.00287 -999.00000 0.01267 -999.00000 -999.00000 0.00610 
 438  -999.00000 -0.01680 -0.00316 -0.00000 0.01829 -999.00000 -999.00000 0.00797 
 439  -999.00000 -0.02750 -0.00791 -999.00000 0.00457 -999.00000 -999.00000 0.02190 
 440  -999.00000 -0.00549 0.00116 -999.00000 -0.00704 -999.00000 -999.00000 0.00463 
 441  -999.00000 -0.00092 -0.02057 -999.00000 -0.00511 -999.00000 -999.00000 0.00508 
 442  -999.00000 -0.01191 -0.01454 -999.00000 -0.01323 -999.00000 -999.00000 0.01494 
 443  -999.00000 -0.00261 0.00470 -999.00000 0.01061 -999.00000 -999.00000 -0.27763 
 444  -999.00000 -0.00782 0.00830 -999.00000 0.00935 -999.00000 -999.00000 0.00351 
 445  -999.00000 -0.00669 0.01636 -0.00000 -0.00064 -999.00000 -999.00000 0.00164 
 446  -999.00000 -0.00836 0.01140 -0.00000 0.00516 -999.00000 -999.00000 -0.25437 
 447  -999.00000 0.00542 0.00393 -999.00000 0.00807 -0.00000 -999.00000 -999.00000 
 448  -999.00000 -0.00922 -0.23832 -999.00000 0.00361 -999.00000 -999.00000 -0.00444 
 449  -999.00000 -999.00000 -999.00000 -999.00000 -999.00000 -999.00000 -999.00000 -999.00000 
 450  -999.00000 -999.00000 -0.00242 -999.00000 -999.00000 -999.00000 -999.00000 -999.00000 
 451  -999.00000 -999.00000 -999.00000 -999.00000 -999.00000 -0.00000 -0.00000 -999.00000 
 452  -999.00000 -999.00000 -999.00000 -999.00000 0.02452 -999.00000 -999.00000 -999.00000 
 453  -999.00000 0.00230 -0.01546 -0.00000 0.00218 -999.00000 -999.00000 -999.00000 
 454  -999.00000 0.00147 0.00042 -999.00000 0.00739 -999.00000 -999.00000 -999.00000 
 455  -999.00000 -0.00379 0.01538 -999.00000 -0.00829 -999.00000 -999.00000 -999.00000 
 456  -999.00000 0.01343 0.01463 -999.00000 -0.00992 -999.00000 -999.00000 -999.00000 
 457  -999.00000 0.00454 -0.00115 -999.00000 0.00053 -999.00000 -999.00000 -999.00000 
 458  -999.00000 0.01497 0.00141 -999.00000 0.00665 -999.00000 -999.00000 -999.00000 
 459  -999.00000 0.03806 -0.00948 -999.00000 0.01105 -999.00000 -999.00000 -999.00000 
 460  -999.00000 0.00779 -0.01535 -999.00000 -0.01451 -0.00000 -0.00000 -999.00000 
 461  -999.00000 -0.00210 -0.01844 -999.00000 -0.00265 -999.00000 -0.00000 -999.00000 
 462  -999.00000 0.00305 0.00306 -999.00000 -0.00566 -999.00000 -0.00000 -999.00000 
 463  -999.00000 0.00076 -0.01234 -999.00000 0.00246 -0.00000 -0.00000 -999.00000 
 464  -999.00000 -999.00000 0.00724 -999.00000 -999.00000 -999.00000 -999.00000 -999.00000 
 465  -999.00000 -0.00010 -999.00000 -999.00000 -0.25585 -999.00000 -999.00000 -999.00000 
 466  -999.00000 -0.01057 -0.01402 -999.00000 0.00146 -999.00000 -999.00000 -999.00000 
 467  -999.00000 0.00061 0.00480 -999.00000 -999.00000 -999.00000 -0.00000 -0.00000 
 468  -999.00000 -999.00000 -0.00651 -999.00000 -999.00000 -999.00000 -999.00000 -0.00000 
 469  -999.00000 0.00910 -999.00000 -999.00000 -0.02313 -999.00000 -999.00000 -0.00000 
 470  -999.00000 -0.01177 0.01506 -999.00000 -0.00139 -0.00000 -999.00000 -999.00000 
 471  -999.00000 0.00131 -0.00300 -999.00000 0.00052 -999.00000 -0.00000 -0.00000 
 472  -999.00000 0.00478 -999.00000 -999.00000 0.02207 -999.00000 -0.00000 -999.00000 
 473  -999.00000 -0.00703 0.01015 -999.00000 -0.01446 -999.00000 -0.00000 -999.00000 
 474  -999.00000 0.01630 -0.00844 -999.00000 -0.00369 -999.00000 -999.00000 -999.00000 
 475  -999.00000 -999.00000 -0.00323 -999.00000 0.02987 -999.00000 0.10000 -0.00000 
 476  -999.00000 0.00629 0.01088 -999.00000 0.16250 -999.00000 -999.00000 -0.00000 
 477  -999.00000 -0.00271 -0.01299 -999.00000 -999.00000 -999.00000 -999.00000 -999.00000 
 478  -999.00000 -999.00000 0.00251 -999.00000 -999.00000 -999.00000 -999.00000 -999.00000 
 479  -999.00000 -999.00000 -0.00175 -999.00000 -999.00000 -999.00000 -999.00000 -999.00000 
 480  -999.00000 0.01053 0.01002 -999.00000 -999.00000 -0.00000 -0.00000 -999.00000 
 481  -999.00000 0.01900 -0.00066 -999.00000 -999.00000 -999.00000 -999.00000 -0.00000 
 482  -999.00000 -999.00000 -999.00000 -999.00000 -999.00000 -999.00000 -999.00000 -0.00000 
 483  -999.00000 0.00388 -0.00100 -999.00000 -999.00000 -999.00000 -0.00000 -999.00000 
 484  0.10000 -0.00274 -0.01856 -999.00000 -999.00000 -999.00000 -0.00000 -0.00000 
 485  -999.00000 0.00009 -999.00000 -999.00000 -999.00000 -999.00000 -0.00000 -0.00000 
 486  -999.00000 0.00579 0.00039 -999.00000 -999.00000 -999.00000 -0.00000 -0.00000 
 487  -999.00000 0.00619 -0.00317 -999.00000 -0.00000 -999.00000 -999.00000 -0.00000 
 488  -999.00000 0.00203 -0.00590 -999.00000 -999.00000 -999.00000 -999.00000 -0.00000 
 489  -999.00000 -0.00575 -0.00366 -999.00000 -999.00000 -999.00000 -999.00000 -999.00000 
 490  -999.00000 -0.00111 -0.20025 -999.00000 -999.00000 -999.00000 -999.00000 -999.00000 
 491  -999.00000 0.00074 -0.01463 -999.00000 -999.00000 -999.00000 -999.00000 -999.00000 
 492  -999.00000 0.00288 -0.00735 -999.00000 -999.00000 -999.00000 -0.00000 -999.00000 
 493  -999.00000 0.01156 -0.00731 -999.00000 -999.00000 -999.00000 -999.00000 -999.00000 
 494  -999.00000 -999.00000 0.00239 -0.00000 -0.00000 -0.00000 -999.00000 -999.00000 
 495  -0.00000 -0.00659 -999.00000 -999.00000 -0.00000 -0.00000 -999.00000 -999.00000 
 496  -999.00000 -999.00000 0.00438 -999.00000 -0.00000 -999.00000 -0.00000 -999.00000 
 497  -999.00000 0.00908 -0.02098 -999.00000 -999.00000 -999.00000 -0.00000 -999.00000 
 498  -999.00000 -0.00634 -999.00000 -999.00000 -999.00000 -999.00000 -999.00000 -999.00000 
 499  -999.00000 0.00102 -999.00000 -999.00000 -999.00000 -999.00000 -0.00000 -999.00000 
 500  -999.00000 -999.00000 -0.00760 -999.00000 -999.00000 -0.00000 -999.00000 -0.00000 
 501  -999.00000 -0.00200 -999.00000 -999.00000 -0.00000 -999.00000 -999.00000 -999.00000 
 502  -999.00000 0.00259 -999.00000 -999.00000 -0.00000 -999.00000 -0.00000 -999.00000 
 503  -999.00000 0.01487 0.00669 -999.00000 -999.00000 -0.00000 -999.00000 -0.00000 
 504  -999.00000 0.00881 -999.00000 -999.00000 -0.00000 -0.00000 -999.00000 -999.00000 
 505  -999.00000 -0.01490 0.00946 -999.00000 -0.00000 -999.00000 -999.00000 -999.00000 
 506  -999.00000 0.00268 0.00729 -999.00000 -999.00000 -999.00000 -999.00000 -999.00000 
 507  -999.00000 0.00138 -0.00293 -999.00000 -999.00000 -999.00000 -0.00000 -999.00000 
 508  -999.00000 0.01708 -999.00000 -999.00000 -999.00000 -999.00000 -999.00000 -999.00000 
 509  -999.00000 0.00187 -0.00007 -999.00000 -999.00000 -999.00000 -999.00000 -0.00000 
 510  -999.00000 0.01607 -0.02346 -999.00000 -999.00000 -999.00000 -999.00000 -0.00000 
 511  -999.00000 0.01038 -999.00000 -999.00000 -999.00000 -999.00000 -999.00000 -999.00000 
 512  -999.00000 -0.06810 -999.00000 -999.00000 -999.00000 -999.00000 -999.00000 -999.00000 
