 1  -999.00000 -999.00000 -999.00000 -999.00000 -999.00000 -999.00000 -999.00000 -999.00000 
 2  0.01336 -999.00000 -999.00000 -999.00000 -999.00000 -999.00000 -999.00000 -999.00000 
 3  0.01705 -999.00000 -999.00000 -999.00000 -999.00000 -999.00000 -999.00000 -999.00000 
 4  0.01386 -999.00000 -999.00000 -999.00000 -999.00000 -999.00000 -999.00000 -999.00000 
 5  -999.00000 -999.00000 -999.00000 -999.00000 -999.00000 -999.00000 -999.00000 -999.00000 
 6  0.01536 -999.00000 -999.00000 -999.00000 -999.00000 -999.00000 -999.00000 -999.00000 
 7  0.01868 -999.00000 -999.00000 -999.00000 -999.00000 -999.00000 -999.00000 -999.00000 
 8  0.02069 -999.00000 -999.00000 -999.00000 -999.00000 -999.00000 -999.00000 -999.00000 
 9  0.00948 -999.00000 -999.00000 -999.00000 -999.00000 -999.00000 -999.00000 -999.00000 
 10  0.01368 -999.00000 -999.00000 -999.00000 -999.00000 -999.00000 -999.00000 -999.00000 
 11  -999.00000 -999.00000 -999.00000 -999.00000 -999.00000 -999.00000 -999.00000 -999.00000 
 12  -999.00000 -999.00000 -999.00000 -0.02424 -999.00000 -999.00000 -999.00000 -999.00000 
 13  0.01322 -999.00000 -999.00000 -0.02203 -999.00000 -999.00000 -999.00000 -999.00000 
 14  0.01644 -999.00000 -999.00000 -999.00000 -999.00000 -999.00000 -999.00000 -999.00000 
 15  -999.00000 -999.00000 -999.00000 0.02295 -999.00000 -999.00000 -999.00000 -999.00000 
 16  0.02012 -999.00000 -999.00000 -0.01683 -999.00000 -999.00000 -999.00000 -999.00000 
 17  0.01696 -999.00000 -999.00000 -999.00000 -999.00000 -999.00000 -999.00000 -999.00000 
 18  0.01483 -999.00000 -999.00000 -999.00000 -999.00000 -999.00000 -999.00000 -999.00000 
 19  0.02077 -999.00000 -999.00000 0.00539 -999.00000 -999.00000 -999.00000 -999.00000 
 20  0.01529 -999.00000 -999.00000 0.00841 -999.00000 -999.00000 -999.00000 -999.00000 
 21  0.00642 -999.00000 -999.00000 -999.00000 -999.00000 -999.00000 -999.00000 -999.00000 
 22  0.00192 -999.00000 -999.00000 -0.00385 -999.00000 -999.00000 -999.00000 -999.00000 
 23  0.01250 -999.00000 -999.00000 0.00517 -999.00000 -999.00000 -999.00000 -999.00000 
 24  0.02250 -999.00000 -999.00000 -999.00000 -999.00000 -999.00000 -999.00000 -999.00000 
 25  0.01639 -999.00000 -999.00000 -999.00000 -999.00000 -999.00000 -999.00000 -999.00000 
 26  -999.00000 -999.00000 -999.00000 -0.00182 -999.00000 -999.00000 -999.00000 -999.00000 
 27  0.02259 -999.00000 -999.00000 -999.00000 -999.00000 -999.00000 -999.00000 -999.00000 
 28  0.01077 -999.00000 -999.00000 -999.00000 -999.00000 -999.00000 -999.00000 -999.00000 
 29  0.02072 -999.00000 -999.00000 0.00021 -999.00000 -999.00000 -999.00000 -999.00000 
 30  0.01522 -999.00000 -999.00000 0.00055 -999.00000 -999.00000 -999.00000 -999.00000 
 31  0.02015 -999.00000 -999.00000 -999.00000 -999.00000 -999.00000 -999.00000 -999.00000 
 32  -999.00000 -999.00000 -999.00000 -999.00000 -999.00000 -999.00000 -999.00000 -999.00000 
 33  0.00408 -999.00000 -999.00000 -0.00379 -999.00000 -999.00000 -999.00000 -999.00000 
 34  0.02061 -999.00000 -999.00000 -999.00000 -999.00000 -999.00000 -999.00000 -999.00000 
 35  0.01222 -0.00000 -999.00000 -999.00000 -999.00000 -999.00000 -999.00000 -999.00000 
 36  0.01293 -999.00000 -999.00000 0.00436 -999.00000 -999.00000 -999.00000 -999.00000 
 37  0.01553 -999.00000 -999.00000 -0.03810 -999.00000 -999.00000 -999.00000 -999.00000 
 38  -999.00000 -999.00000 -999.00000 -999.00000 -999.00000 -999.00000 -999.00000 -999.00000 
 39  0.02088 -999.00000 -999.00000 0.00040 -999.00000 -999.00000 -999.00000 -999.00000 
 40  0.03455 -999.00000 -999.00000 -0.00000 -999.00000 -999.00000 -999.00000 -999.00000 
 41  0.02118 -999.00000 -999.00000 -0.00000 -999.00000 -999.00000 -999.00000 -999.00000 
 42  0.02759 -999.00000 -999.00000 -999.00000 -999.00000 -999.00000 -999.00000 -999.00000 
 43  0.02424 -999.00000 -999.00000 -0.00048 -999.00000 -999.00000 -999.00000 -999.00000 
 44  0.01676 -999.00000 -999.00000 -0.00606 -999.00000 -999.00000 -999.00000 -999.00000 
 45  0.01588 -999.00000 -999.00000 -999.00000 -999.00000 -999.00000 -999.00000 -999.00000 
 46  0.03136 -999.00000 -999.00000 0.00031 -999.00000 -999.00000 -999.00000 -999.00000 
 47  0.00849 -999.00000 -999.00000 -999.00000 -999.00000 -999.00000 -999.00000 -999.00000 
 48  0.01426 -999.00000 -999.00000 -999.00000 -999.00000 -999.00000 -999.00000 -999.00000 
 49  0.01414 -999.00000 -999.00000 -0.00190 -999.00000 -0.00000 -999.00000 -999.00000 
 50  0.02957 -999.00000 -999.00000 -0.00738 -999.00000 -999.00000 -999.00000 -999.00000 
 51  0.01814 -999.00000 -999.00000 -999.00000 -999.00000 -999.00000 -999.00000 -999.00000 
 52  0.01616 -999.00000 -999.00000 -999.00000 -999.00000 -999.00000 -999.00000 -999.00000 
 53  0.01250 -999.00000 -999.00000 -0.00480 -999.00000 -999.00000 -999.00000 -999.00000 
 54  0.01424 -999.00000 -999.00000 -0.01522 -999.00000 -999.00000 -999.00000 -999.00000 
 55  -999.00000 -999.00000 -999.00000 0.00360 -999.00000 -999.00000 -999.00000 -999.00000 
 56  0.03066 -999.00000 -999.00000 -0.00990 -999.00000 -0.02540 -999.00000 -999.00000 
 57  0.01329 -999.00000 -999.00000 0.00138 -999.00000 0.02692 -0.08293 -999.00000 
 58  -999.00000 -999.00000 -999.00000 -0.00789 -999.00000 -999.00000 -999.00000 -999.00000 
 59  0.02388 -999.00000 -999.00000 -999.00000 -999.00000 0.00320 -0.09500 -999.00000 
 60  0.02851 -999.00000 -999.00000 0.00478 -999.00000 -0.03452 -0.08421 -999.00000 
 61  0.03686 -999.00000 -999.00000 -999.00000 -999.00000 -999.00000 -0.04626 -999.00000 
 62  0.03419 -999.00000 -999.00000 -999.00000 -999.00000 -0.00317 -0.00120 -999.00000 
 63  -999.00000 -999.00000 -999.00000 0.00138 -999.00000 -0.01261 -0.10000 -999.00000 
 64  0.03043 -999.00000 -999.00000 -999.00000 -999.00000 -0.01791 -0.04609 -999.00000 
 65  -999.00000 -999.00000 -999.00000 -999.00000 -999.00000 -0.01538 0.00379 -999.00000 
 66  -999.00000 -999.00000 -999.00000 -999.00000 -999.00000 -0.00413 -999.00000 -999.00000 
 67  -999.00000 -999.00000 -999.00000 0.00106 -999.00000 0.02541 -0.02353 -999.00000 
 68  -999.00000 -999.00000 -999.00000 -999.00000 -999.00000 0.00052 -0.01681 -999.00000 
 69  0.01170 -999.00000 -999.00000 -999.00000 -0.00000 0.00543 -0.01639 -999.00000 
 70  0.00873 -999.00000 -999.00000 0.00048 -999.00000 0.00133 0.00676 -999.00000 
 71  0.01792 -999.00000 -999.00000 -999.00000 -999.00000 0.00737 -0.02441 -999.00000 
 72  0.02102 -999.00000 -999.00000 -999.00000 -999.00000 0.00708 -0.01691 -999.00000 
 73  0.00783 -999.00000 -999.00000 -0.00060 -999.00000 0.00168 -0.02167 -999.00000 
 74  0.02438 -999.00000 -999.00000 -999.00000 -999.00000 -0.00714 -0.01802 -999.00000 
 75  0.00993 -999.00000 -999.00000 -999.00000 -999.00000 -0.00627 -0.03837 -999.00000 
 76  0.00825 -999.00000 -999.00000 -999.00000 -999.00000 -0.00277 -0.03654 -999.00000 
 77  0.02305 -999.00000 -999.00000 0.00061 -999.00000 0.00343 -0.01909 -999.00000 
 78  0.03261 -999.00000 -999.00000 -999.00000 -999.00000 0.00770 -0.00875 -999.00000 
 79  0.01770 -999.00000 -999.00000 -999.00000 -999.00000 0.00074 -0.01627 -999.00000 
 80  0.01444 -999.00000 -999.00000 0.00142 -999.00000 0.00583 -0.01585 -999.00000 
 81  0.03032 -999.00000 -999.00000 -999.00000 -999.00000 0.00310 -0.01379 -999.00000 
 82  -999.00000 -999.00000 -999.00000 -999.00000 -999.00000 0.00116 -0.00906 -999.00000 
 83  0.01894 -999.00000 -999.00000 0.00106 -999.00000 -0.00641 -0.01750 -999.00000 
 84  0.02439 -999.00000 -999.00000 -0.00559 -999.00000 0.00207 -0.01836 -999.00000 
 85  0.02143 -999.00000 -999.00000 -999.00000 -999.00000 0.00491 -0.01524 -999.00000 
 86  -999.00000 -999.00000 -999.00000 -999.00000 -999.00000 0.00190 -0.03069 -999.00000 
 87  0.01169 -999.00000 -999.00000 0.00405 -999.00000 0.00817 -999.00000 -999.00000 
 88  0.02184 -999.00000 -999.00000 -999.00000 -999.00000 0.00216 -0.02800 -0.01333 
 89  0.03046 -999.00000 -999.00000 -999.00000 -999.00000 -0.00065 -0.01759 0.02623 
 90  -999.00000 -999.00000 -999.00000 0.00396 -999.00000 0.00110 -0.03343 0.04857 
 91  -0.00180 -999.00000 -999.00000 -999.00000 -999.00000 -0.00027 -0.02816 0.06977 
 92  -0.00186 -999.00000 -999.00000 -999.00000 -999.00000 -0.00519 -0.03924 0.13412 
 93  0.01349 -999.00000 -999.00000 -999.00000 -999.00000 -0.00493 -0.03169 -999.00000 
 94  -999.00000 -999.00000 -999.00000 -0.00190 -999.00000 -0.00609 0.00246 -0.01346 
 95  0.00154 -999.00000 -999.00000 -999.00000 -999.00000 -0.00271 -0.02042 0.04000 
 96  0.01165 -999.00000 -999.00000 -999.00000 -999.00000 -0.00056 -0.02031 0.01550 
 97  0.02697 -999.00000 -999.00000 -0.01160 -999.00000 -0.00343 -0.02391 -999.00000 
 98  0.02761 -999.00000 -999.00000 -999.00000 -999.00000 -0.00213 -0.03098 0.03646 
 99  0.01073 -999.00000 -999.00000 -999.00000 -999.00000 0.00446 -0.02558 0.07193 
 100  0.01283 -999.00000 -999.00000 -999.00000 -999.00000 -0.00430 -0.02793 -999.00000 
 101  0.01412 -999.00000 -999.00000 -999.00000 -999.00000 -0.00207 -0.02380 0.00141 
 102  0.03270 -999.00000 -999.00000 -999.00000 -999.00000 -0.00276 -0.02464 -0.01714 
 103  0.01693 -999.00000 -999.00000 -999.00000 -999.00000 0.00000 0.00083 0.02576 
 104  0.01648 -999.00000 -999.00000 0.02565 -999.00000 0.01553 -0.01622 0.02375 
 105  -999.00000 -999.00000 -999.00000 -999.00000 -999.00000 0.01015 -0.03074 0.08214 
 106  0.01107 -999.00000 -999.00000 -999.00000 -999.00000 0.00355 -0.01977 -0.05000 
 107  0.03003 -999.00000 -999.00000 -0.00636 -999.00000 -0.00179 -0.03319 0.00205 
 108  0.00327 -999.00000 -999.00000 -999.00000 -999.00000 -999.00000 -0.04436 -0.04776 
 109  0.01734 -999.00000 -999.00000 -999.00000 -999.00000 -0.00229 -0.02768 -999.00000 
 110  0.02505 -999.00000 -999.00000 -999.00000 -999.00000 0.00143 -0.02393 0.01576 
 111  0.04679 -999.00000 -999.00000 -0.01502 -999.00000 -0.00189 -0.03705 0.00725 
 112  -999.00000 -999.00000 -999.00000 -999.00000 -999.00000 -0.00316 -0.02503 -0.02054 
 113  0.04677 -999.00000 -999.00000 -999.00000 -999.00000 -0.00163 -0.02834 0.02656 
 114  -999.00000 -999.00000 -999.00000 -999.00000 -999.00000 0.00036 -0.03893 -0.00772 
 115  -0.00114 -999.00000 -999.00000 -999.00000 0.02540 -0.01123 -0.02940 0.00753 
 116  0.02054 -999.00000 -999.00000 -999.00000 -999.00000 0.00101 -0.03568 0.00299 
 117  0.02579 -999.00000 -999.00000 0.04086 -999.00000 0.00433 -0.01791 0.01350 
 118  0.02388 -999.00000 -999.00000 -999.00000 -999.00000 -999.00000 -0.03607 0.00870 
 119  0.01996 -999.00000 -999.00000 -999.00000 -999.00000 -0.00275 -0.03019 0.02490 
 120  0.02404 -999.00000 -999.00000 -999.00000 0.09851 0.00245 -0.03283 0.01226 
 121  0.02180 -999.00000 -999.00000 -0.01137 0.09885 -0.00341 -0.03257 -0.00301 
 122  0.03140 -999.00000 -999.00000 -999.00000 0.03866 -0.00013 -0.04179 0.01370 
 123  0.00488 -999.00000 -999.00000 -999.00000 0.08333 -0.00176 -0.04361 0.04953 
 124  0.02057 -999.00000 -999.00000 -999.00000 0.01538 -0.00352 -0.03908 -0.00189 
 125  0.02770 -999.00000 -999.00000 -999.00000 0.00522 -0.00278 -0.03445 0.03947 
 126  0.03419 -999.00000 -999.00000 -999.00000 -0.09180 -0.00742 -0.03165 0.01562 
 127  -999.00000 -999.00000 -999.00000 0.02751 0.01200 -0.00203 -0.03799 0.03289 
 128  -999.00000 -999.00000 -999.00000 0.00705 -999.00000 0.00232 -0.03032 0.03953 
 129  -999.00000 -999.00000 -999.00000 -999.00000 -999.00000 -999.00000 -0.03698 -999.00000 
 130  -999.00000 -999.00000 -999.00000 -0.00123 -0.02500 0.00029 -0.03340 -999.00000 
 131  0.01646 -999.00000 -999.00000 -0.00149 -999.00000 -999.00000 -0.02856 -999.00000 
 132  0.02968 -999.00000 -999.00000 -999.00000 -0.01739 0.00216 -0.03469 -999.00000 
 133  0.02139 -999.00000 -999.00000 -999.00000 -999.00000 -0.00754 -0.03415 0.02213 
 134  -999.00000 -999.00000 -999.00000 -0.00413 -999.00000 -999.00000 -0.02349 0.00053 
 135  0.02928 -999.00000 -999.00000 -999.00000 -999.00000 0.00777 -0.03187 0.04653 
 136  0.02873 -999.00000 -999.00000 -999.00000 -0.01038 -0.00294 -0.02379 -999.00000 
 137  0.03250 -999.00000 -999.00000 -0.00262 -999.00000 -0.00082 -0.03471 0.02583 
 138  0.01797 -999.00000 -999.00000 0.00104 -999.00000 0.00760 -0.01665 0.01375 
 139  -0.05912 -999.00000 -999.00000 -999.00000 -999.00000 0.00568 -0.03929 0.01929 
 140  0.01359 -999.00000 -999.00000 -999.00000 0.01385 0.00125 -0.03838 0.01995 
 141  0.00913 -999.00000 -999.00000 0.00042 -999.00000 -0.00532 -0.03796 0.00719 
 142  0.03242 -999.00000 -999.00000 -999.00000 0.00684 -0.00357 -0.03563 0.01674 
 143  0.02150 -999.00000 -999.00000 -999.00000 0.00511 -0.00620 -0.03342 0.02090 
 144  0.02456 -999.00000 -999.00000 -0.01087 0.00402 -0.00633 -0.03581 0.03163 
 145  0.03008 -999.00000 -999.00000 -999.00000 0.00233 0.00158 -0.03228 0.02043 
 146  0.02800 -999.00000 -999.00000 -999.00000 -0.00989 -999.00000 -0.02854 0.01215 
 147  0.02951 -999.00000 -999.00000 0.00057 -0.03347 -0.00067 -0.03550 0.02765 
 148  0.03018 -999.00000 -999.00000 0.00013 -999.00000 -999.00000 -0.05253 0.03135 
 149  -999.00000 -999.00000 -999.00000 -999.00000 -0.02239 -0.00180 -0.02842 0.00445 
 150  0.02212 -999.00000 -999.00000 -0.00284 -999.00000 0.00053 -0.02538 0.01373 
 151  0.01134 -999.00000 -999.00000 0.00133 -0.00813 0.00122 -0.03521 0.02609 
 152  0.03486 0.06000 -999.00000 -999.00000 0.00245 -0.00192 -0.02584 0.02697 
 153  0.02136 0.13023 -999.00000 -999.00000 -0.02294 -0.00059 -0.03641 0.02699 
 154  0.02169 -999.00000 -999.00000 -0.00102 0.02105 -0.00543 -0.04335 0.01815 
 155  0.02029 0.13433 -999.00000 -999.00000 0.01017 0.00702 -0.04096 0.01517 
 156  0.02066 -999.00000 -999.00000 -999.00000 0.02149 0.00062 -0.02381 0.01713 
 157  0.03507 -999.00000 -999.00000 0.00651 -999.00000 0.00466 -0.03530 0.00357 
 158  0.01152 -0.00964 -999.00000 -0.00478 0.01938 -999.00000 -0.02922 0.02504 
 159  0.01622 -0.05143 -999.00000 -999.00000 -0.01415 0.00084 -0.03542 0.02066 
 160  -999.00000 0.17111 -999.00000 -999.00000 0.00800 0.00066 -0.02779 0.02967 
 161  0.02187 0.02727 -999.00000 0.00486 0.00323 0.00550 -0.02873 0.01698 
 162  0.02280 -999.00000 -999.00000 -999.00000 -0.00641 -0.00151 -0.03028 0.02057 
 163  0.03257 0.05192 -999.00000 -999.00000 -999.00000 0.00035 -0.03848 0.01141 
 164  0.02677 0.09725 -999.00000 0.00701 -0.01510 0.01059 -0.04219 0.00736 
 165  0.01639 0.10161 -999.00000 -999.00000 -0.01881 0.00312 -0.02060 0.01458 
 166  0.02777 0.00952 -999.00000 -999.00000 0.00977 -999.00000 -0.03713 0.02610 
 167  -0.01211 0.01525 -999.00000 -0.00152 0.01304 0.00095 -0.03345 0.02111 
 168  0.01063 0.02416 -999.00000 -0.00194 0.00955 -999.00000 -0.02395 0.01948 
 169  -999.00000 0.02420 -999.00000 -999.00000 -0.00000 -0.00990 -0.02913 0.02425 
 170  -0.24172 -0.01783 -999.00000 0.00177 -0.02330 -0.00479 -0.04512 0.01953 
 171  0.02386 -0.00476 -999.00000 0.00289 -0.00000 -0.00115 -0.04566 0.02017 
 172  0.01093 -0.01384 -999.00000 -999.00000 0.00663 0.00719 -0.04588 0.02165 
 173  0.02604 -0.00217 -999.00000 -999.00000 0.02053 0.00285 -999.00000 0.01488 
 174  0.01285 -999.00000 -999.00000 -0.00404 0.02493 -0.00598 -0.04838 0.00965 
 175  0.00739 0.05143 -999.00000 -999.00000 -0.00699 0.00269 -0.03407 0.02893 
 176  0.03413 0.02911 -999.00000 -999.00000 0.00835 -0.01895 -0.02904 0.01913 
 177  0.00028 0.00904 -999.00000 0.00452 0.00370 0.00357 -0.04318 0.00430 
 178  0.01677 0.01827 -999.00000 0.00173 -0.00000 0.00257 -0.03296 0.00321 
 179  -0.00359 0.04716 -999.00000 -999.00000 -0.00080 0.00578 -0.03399 0.01825 
 180  0.01882 0.01833 -999.00000 -999.00000 0.00323 0.00311 -0.04419 0.00987 
 181  0.01685 0.01832 -999.00000 0.01120 -0.00455 -999.00000 -0.03768 0.01759 
 182  0.02208 0.04395 -999.00000 -999.00000 -0.01591 -0.00625 -0.03740 -0.00226 
 183  0.02065 0.00094 -999.00000 -999.00000 0.00497 -0.00046 -0.04476 0.00128 
 184  -999.00000 0.00383 -999.00000 0.00317 -0.00907 0.00276 -0.03366 0.02003 
 185  0.01211 -0.03132 -999.00000 -0.00290 -999.00000 -0.00596 -0.03868 0.01674 
 186  0.01306 0.01173 -999.00000 -999.00000 0.00569 -0.00555 -0.03330 0.02055 
 187  -999.00000 -999.00000 -999.00000 -999.00000 0.01133 0.00548 -0.03221 0.02338 
 188  0.01936 0.04411 -999.00000 -0.00034 0.00525 -999.00000 -0.02911 -999.00000 
 189  0.02722 0.04536 -999.00000 -999.00000 0.00030 -0.00417 -0.01612 0.00766 
 190  0.02592 0.04000 -999.00000 -999.00000 0.00824 -0.00000 -999.00000 0.02629 
 191  -999.00000 0.03624 -999.00000 0.00423 -0.00879 -0.00041 -0.04204 0.01581 
 192  -999.00000 -999.00000 -999.00000 -999.00000 -0.00034 -0.00013 -0.04647 0.00641 
 193  -999.00000 -999.00000 -999.00000 -999.00000 -0.00729 -0.00152 -0.04244 -999.00000 
 194  -999.00000 -999.00000 -0.00886 0.00949 0.00039 -999.00000 -0.03073 0.01841 
 195  0.03872 -999.00000 -0.01918 0.00288 0.00422 -0.00735 -0.02636 -999.00000 
 196  -0.00769 -999.00000 0.01215 -999.00000 -0.00251 -0.00971 -0.05090 0.01395 
 197  -999.00000 0.05376 0.00199 0.00381 0.01100 -0.00149 -0.03248 0.01303 
 198  0.02697 0.06742 0.00767 -999.00000 0.00152 -999.00000 -0.03349 0.01111 
 199  0.01820 0.02109 0.01461 -999.00000 -0.00184 -0.00544 -0.03880 0.00560 
 200  0.01550 0.06618 -0.00130 -999.00000 0.01025 -0.00360 -0.03828 0.01754 
 201  0.02463 0.04336 -0.00099 0.00138 0.00197 0.00729 -0.02523 0.00830 
 202  0.03310 0.06182 0.00684 -999.00000 -0.00148 -0.00542 -0.04643 0.01636 
 203  0.02279 -0.00460 0.03511 -999.00000 0.00190 -0.00043 -0.03577 0.00827 
 204  0.02860 0.03624 -0.01071 -0.00397 -0.00274 -0.00394 -0.03217 0.00838 
 205  0.02276 0.01409 -0.00649 -0.00143 -0.00156 -999.00000 -0.03525 0.02896 
 206  0.02085 0.03692 0.00228 -999.00000 0.00491 -0.00409 -0.02932 0.01987 
 207  0.01824 0.03082 0.00697 -999.00000 0.00089 0.00293 -0.04203 0.01443 
 208  0.01355 0.03333 0.00465 0.00151 0.00391 0.00618 -999.00000 0.01720 
 209  0.02662 0.02788 0.00235 -999.00000 -0.00258 -0.01207 -0.04149 0.01464 
 210  0.01804 0.06952 -0.02233 -999.00000 0.00702 -0.00042 -0.02839 0.01586 
 211  0.02252 0.03948 -0.00792 0.00624 0.00282 -0.00342 -0.03348 0.00941 
 212  0.02642 0.02656 -0.00000 0.01430 -0.00030 -999.00000 -999.00000 0.01586 
 213  -0.00000 0.06706 0.02845 -999.00000 0.00613 0.01869 -0.03461 0.02045 
 214  -0.00146 0.02717 0.03632 -999.00000 0.00884 0.00199 -0.02927 0.01940 
 215  0.02586 0.03614 0.02126 0.00096 0.00867 -999.00000 -0.02484 0.02326 
 216  0.03102 0.03729 0.00705 -999.00000 0.00615 -0.00225 -0.03182 0.01330 
 217  -999.00000 0.05683 -0.01556 -999.00000 -0.00288 -0.00084 -0.03165 0.01195 
 218  0.02894 0.04364 0.02624 -0.01869 -0.00380 0.00706 -0.04200 0.01209 
 219  0.00803 0.04138 -0.02178 -999.00000 -0.00751 -0.00243 -0.01692 0.01408 
 220  0.01127 0.05420 -0.02667 -999.00000 -0.00114 -0.00395 -0.03134 0.01698 
 221  0.01386 0.04683 -0.00929 -0.00161 -0.00832 -999.00000 -0.04403 0.01890 
 222  0.01529 0.02646 0.00081 -999.00000 -0.01465 0.00191 -0.04026 0.03248 
 223  0.01044 0.04516 0.01480 -999.00000 0.00376 -0.00715 -0.03094 -999.00000 
 224  0.01463 0.04860 -0.01736 -999.00000 0.00381 -0.00022 -0.03043 0.00218 
 225  0.01924 0.01734 -0.00043 -0.00500 0.00392 -999.00000 -0.02340 0.00964 
 226  0.03359 0.04478 0.00287 -999.00000 0.00156 0.00330 -0.02772 0.02763 
 227  0.02672 0.03682 0.00281 -999.00000 0.00074 -0.00528 -0.03426 0.01689 
 228  0.02472 0.05209 0.00209 0.00125 0.01435 -999.00000 -0.04128 -0.00521 
 229  0.01165 0.06069 0.00390 -999.00000 0.00103 -0.00552 -0.03278 0.00170 
 230  0.01529 0.05108 0.00538 -999.00000 -0.00085 0.00417 -0.04593 0.00876 
 231  0.01595 0.03325 -0.00240 -0.00523 0.00000 -0.00918 -0.04479 0.00829 
 232  0.01766 0.06462 -0.00158 -0.00191 0.00157 -0.00125 -0.03602 0.02062 
 233  0.00494 0.03494 0.00219 -999.00000 0.00571 -0.00565 -0.01987 0.02422 
 234  0.00302 0.08012 0.05395 -999.00000 -0.00101 -0.00201 -0.02546 -999.00000 
 235  0.00612 -999.00000 -0.00222 0.00116 0.00362 -0.00722 -999.00000 -0.01148 
 236  0.02471 0.01521 -0.00231 -999.00000 0.00327 -0.00898 -0.02716 -999.00000 
 237  0.02333 0.04009 0.00924 -999.00000 -0.00135 -0.00796 -0.01517 0.00506 
 238  0.04892 0.04410 0.01524 -0.00076 0.00023 -999.00000 -0.02115 0.00915 
 239  0.01242 0.03702 0.00028 -999.00000 0.00537 -0.00304 -999.00000 0.01713 
 240  0.04252 0.05408 -0.00374 -999.00000 -999.00000 -0.00640 -999.00000 -0.00566 
 241  0.03560 0.02779 -0.00187 -0.00260 -0.00700 0.00041 -0.04709 0.01544 
 242  0.02512 0.07817 0.01032 -0.00037 -0.01298 0.00133 -0.04347 0.00994 
 243  0.02222 0.04453 -0.00240 -999.00000 -0.00236 -0.00963 -0.02862 0.02321 
 244  -999.00000 0.03903 0.00516 -999.00000 0.00531 -0.00000 -0.03682 0.02535 
 245  0.01899 0.03576 -0.01212 -0.00227 0.00722 -999.00000 -999.00000 -999.00000 
 246  -999.00000 0.05141 -0.00432 -999.00000 0.00070 0.00076 -0.04032 -0.00538 
 247  0.02877 0.04556 -0.01582 -999.00000 0.00114 -0.01957 -0.03328 -0.00138 
 248  0.03527 0.06709 0.00180 0.00059 -0.00196 0.00102 -0.04147 0.02084 
 249  0.03260 0.08000 -0.01252 -999.00000 -0.00670 0.00000 -0.02221 0.01493 
 250  0.04198 0.05010 -0.02730 -999.00000 -0.01151 0.00182 -0.02822 0.00535 
 251  0.04667 0.05311 -999.00000 -999.00000 0.00046 -0.00173 -0.02885 0.01997 
 252  0.01434 0.05254 0.00113 -0.00044 0.00092 -0.00134 -999.00000 -999.00000 
 253  0.03796 0.05280 -0.00310 -999.00000 0.00678 -0.00557 -0.02745 0.01720 
 254  0.02313 0.05493 -0.01906 -999.00000 0.01133 0.00167 -0.02527 0.02103 
 255  0.03728 0.04621 -0.00941 -0.00126 0.00218 -0.00138 -0.02759 0.02306 
 256  0.01029 0.02642 -0.00372 -999.00000 0.00236 0.00106 -0.01369 0.02182 
 257  -0.00724 0.05617 -999.00000 -999.00000 -0.00389 -999.00000 -999.00000 -999.00000 
 258  -0.00053 0.05321 -0.00281 0.00237 0.00310 -999.00000 -999.00000 -999.00000 
 259  0.00401 0.03686 0.02632 -999.00000 0.00369 -999.00000 -0.01975 -999.00000 
 260  -0.01704 0.02388 -999.00000 -999.00000 0.00580 -999.00000 -0.02597 -999.00000 
 261  -0.00593 0.04054 -0.00680 -0.00028 0.00104 -0.00175 -0.02211 0.03662 
 262  -0.02093 0.04031 0.00068 -999.00000 -0.00203 0.00613 -0.03953 0.02068 
 263  -0.00952 0.04936 0.00023 -999.00000 0.00352 -999.00000 -0.02452 0.02729 
 264  -0.01946 0.04623 0.00724 0.01064 0.00650 -999.00000 -0.01466 0.03028 
 265  -0.00000 0.04167 -0.00439 0.00547 0.00548 -0.00415 -0.01051 0.02416 
 266  0.00594 0.03686 0.00124 -999.00000 -0.00256 -0.00329 -0.01336 0.01275 
 267  0.02230 0.04823 -0.01733 -999.00000 -0.00000 -999.00000 -0.01933 -999.00000 
 268  -0.02919 0.04375 -0.00461 -0.00205 0.01447 -0.00460 -0.01834 0.00042 
 269  0.01553 0.06393 0.00101 -999.00000 -0.00098 -0.00244 -0.03151 0.00328 
 270  -0.05820 0.06102 -999.00000 -999.00000 -0.00017 -999.00000 -0.04011 0.00844 
 271  -999.00000 0.04155 -0.00659 0.00293 0.00427 -0.00402 -0.03576 0.02514 
 272  -0.00623 0.03764 -0.00846 0.00249 -0.00014 0.00224 -0.03902 0.00930 
 273  -0.03364 0.02165 -0.01321 -999.00000 0.00352 -999.00000 -0.03979 0.01632 
 274  -0.01793 0.07032 -0.00833 -999.00000 -0.00439 0.00158 -0.01973 0.01278 
 275  -0.04779 0.04078 -0.00439 -0.00186 0.00063 0.00119 -0.00932 0.00540 
 276  -0.00168 0.05148 -0.00539 -999.00000 0.00258 0.00279 -0.01144 0.00561 
 277  -0.01883 0.03164 0.03004 -999.00000 0.00185 -999.00000 -999.00000 0.01090 
 278  -0.00661 0.04459 0.00142 -0.01141 -0.00466 -0.00521 -0.03318 0.01864 
 279  -0.10385 0.05162 -0.00192 -999.00000 0.00194 -0.01171 -0.02484 0.00076 
 280  -0.02664 0.03201 -0.00152 -999.00000 0.00204 -999.00000 -0.03707 0.02259 
 281  0.01366 0.04271 -0.00688 -0.00000 0.00468 -0.01290 -0.02349 0.02076 
 282  0.02228 0.04761 0.00479 0.00306 0.00816 0.00398 -0.03247 0.00617 
 283  -0.00773 0.05572 0.00638 -999.00000 0.00411 -999.00000 -0.02775 0.01214 
 284  -0.08112 0.05280 0.00440 -999.00000 0.00245 0.00200 -0.02675 -0.01041 
 285  0.00051 0.01865 0.00376 0.00315 0.00203 0.00082 -0.01520 0.00467 
 286  -0.01708 0.05863 0.00491 -0.00308 -0.00318 -0.00721 -0.02018 0.01745 
 287  -0.04346 0.03951 -0.00133 -999.00000 0.00321 -999.00000 -0.01838 0.02133 
 288  -999.00000 0.03309 -0.00636 -0.00292 0.00832 -0.00371 -0.02291 0.00701 
 289  0.02365 0.05224 -0.00937 0.00183 0.00390 0.00886 -0.01707 0.01108 
 290  -999.00000 0.02473 -0.00176 -999.00000 0.00066 -999.00000 -0.01537 0.02356 
 291  -0.02987 0.05161 -0.00052 -999.00000 -0.00641 0.00020 -0.01473 0.00903 
 292  0.01642 0.03112 -0.00095 0.00240 0.00837 0.00559 -0.01293 0.01822 
 293  -0.03905 0.05558 -0.00711 -999.00000 -0.00079 -999.00000 0.00466 0.00603 
 294  -0.17663 0.04072 -0.00404 -999.00000 0.00320 -0.00866 -0.00526 0.01350 
 295  -0.04870 0.05319 -0.00588 0.00200 0.00222 0.00120 -999.00000 0.00391 
 296  0.01047 0.03434 0.00016 -999.00000 -0.00268 0.00666 -0.04609 0.01885 
 297  -0.06140 0.05228 -0.01336 -999.00000 0.00067 -999.00000 -0.02965 0.00941 
 298  -0.00991 0.05030 -0.00477 -0.00311 -0.00158 -0.00185 -0.01966 0.01307 
 299  0.00860 0.03089 0.00676 -0.00483 0.00070 -0.00629 -0.00548 0.01064 
 300  0.02260 0.02780 0.00185 -999.00000 -0.00123 -999.00000 -0.01055 0.00808 
 301  -0.00185 0.05739 -0.00066 -0.00406 -0.00098 -0.00389 -0.02162 0.00870 
 302  0.03148 0.05734 0.00148 0.00521 -0.00907 -0.00166 -0.02504 0.00629 
 303  -0.07906 0.04538 -0.00781 -999.00000 0.00024 -999.00000 -0.01160 0.01008 
 304  -0.03564 0.05045 0.00310 -999.00000 0.00508 -0.00515 -0.02394 0.00855 
 305  -0.10928 0.03487 0.00452 0.00101 -999.00000 -0.00633 -0.01471 0.01171 
 306  0.02183 0.02712 -0.00717 -999.00000 0.00513 -999.00000 -0.01672 0.00968 
 307  -0.07229 0.05271 0.00326 -999.00000 -0.00118 -999.00000 -0.01558 0.00850 
 308  0.01412 0.04077 -0.00876 0.00274 -0.00158 -0.01086 -0.02145 0.02597 
 309  0.01777 0.03061 0.00355 -0.00139 0.00178 -0.00047 -0.01401 0.01899 
 310  -0.11164 0.03150 0.00426 -999.00000 -0.00128 -999.00000 -0.01199 0.02393 
 311  0.00632 0.02582 -999.00000 0.00096 0.00122 -0.00859 -0.00243 -999.00000 
 312  -0.06882 0.03847 0.00015 0.00754 -0.00356 0.00026 -0.01807 -0.00407 
 313  0.01164 0.02531 -0.00108 -999.00000 -0.00017 -999.00000 -0.02415 0.00548 
 314  -0.00872 0.04695 -0.00312 -999.00000 -999.00000 -0.00695 -0.01202 0.00771 
 315  0.14775 0.03651 -999.00000 -0.00310 0.00111 -0.00633 -0.01703 0.00611 
 316  -0.05692 0.03396 -0.00013 -999.00000 0.00211 -999.00000 -0.02038 0.01848 
 317  -0.08664 0.04214 0.00477 -999.00000 -0.00352 -0.00582 -0.01338 0.00922 
 318  0.00876 0.05127 -0.00437 -0.00402 -999.00000 -0.00000 -0.03533 0.01285 
 319  -999.00000 0.05133 0.00269 -999.00000 0.00242 -0.00247 -0.02370 0.00268 
 320  -999.00000 0.05063 -0.01194 -999.00000 -0.00040 -999.00000 -0.02257 -0.00315 
 321  -999.00000 0.04842 -999.00000 0.00470 0.00221 -999.00000 -999.00000 0.00254 
 322  -999.00000 0.05017 0.01108 0.00220 0.00457 -999.00000 -999.00000 0.01229 
 323  -0.08976 0.04764 -0.00442 -999.00000 0.00547 -999.00000 -0.00960 0.00965 
 324  0.03063 0.03430 -0.00216 -999.00000 0.00463 -999.00000 -999.00000 0.01018 
 325  0.03744 0.03599 0.00247 0.00311 -0.00425 -999.00000 -0.00476 0.00880 
 326  -0.04381 0.04113 0.00037 -999.00000 -0.00010 -999.00000 -999.00000 0.00928 
 327  -999.00000 0.03952 -0.00152 -999.00000 0.00543 -999.00000 -999.00000 0.01677 
 328  0.00337 0.04650 0.00214 -0.01267 0.00301 -0.00088 -0.01087 0.01120 
 329  0.06437 0.05698 -0.00445 -0.00831 -0.00010 -0.00077 -0.00018 0.01621 
 330  -0.01266 0.07451 -0.00240 -999.00000 -0.00020 -999.00000 -0.00035 0.01115 
 331  -0.01885 0.05110 0.00652 -0.01655 0.00026 -0.00464 -0.01459 0.00328 
 332  0.11625 0.05651 0.00437 0.00731 0.00323 -0.00000 -0.01733 0.00315 
 333  -999.00000 0.03858 -0.00162 -999.00000 0.00828 -999.00000 -0.01994 0.01513 
 334  -0.07682 0.03417 -0.00039 0.00053 -0.00133 -0.00206 -0.02852 0.01319 
 335  -0.15878 0.04030 -0.00251 0.01070 0.00196 0.00599 -0.01772 0.00890 
 336  -0.25072 0.04477 -0.00742 -999.00000 -999.00000 -999.00000 -0.01408 0.01523 
 337  0.00952 0.05544 -0.00661 -999.00000 0.00141 -999.00000 -0.02201 0.01195 
 338  -999.00000 0.04413 0.00285 0.01215 0.00226 -0.00408 -0.01583 0.00730 
 339  -999.00000 0.02608 -999.00000 -999.00000 -0.00231 -999.00000 -0.01771 0.00852 
 340  -999.00000 0.05674 -0.00305 -999.00000 0.00330 -999.00000 0.00566 0.00897 
 341  -999.00000 0.05152 0.00192 0.01929 0.00270 -0.00509 -0.00784 0.01047 
 342  -999.00000 0.04113 -999.00000 -999.00000 -0.00596 -999.00000 -0.02065 0.01286 
 343  -999.00000 0.03161 0.00153 -999.00000 0.00237 -999.00000 -0.01755 0.00883 
 344  -999.00000 -999.00000 0.00086 -999.00000 -999.00000 0.00170 -0.00169 -999.00000 
 345  -999.00000 0.04633 -999.00000 -0.02140 0.00327 -0.00276 -0.01144 0.00494 
 346  -999.00000 0.04477 -0.00151 -999.00000 0.00023 -999.00000 -0.02967 -999.00000 
 347  -999.00000 0.04848 -0.00269 -0.01498 0.00009 0.00842 -0.02622 0.00828 
 348  -999.00000 0.04048 0.00161 -0.03333 0.00196 0.02792 -0.01852 0.01275 
 349  -999.00000 0.05984 -0.00765 -999.00000 0.00770 -999.00000 0.00252 0.00703 
 350  -999.00000 0.03779 -0.00668 -999.00000 -0.01186 -0.01889 0.00380 0.01297 
 351  -999.00000 0.05257 -0.00413 -0.02036 0.00486 -0.00547 -0.02059 0.01096 
 352  -999.00000 0.04856 -999.00000 -999.00000 0.00666 0.00797 -0.03456 0.00673 
 353  -999.00000 0.05102 -0.00200 -999.00000 0.00057 -999.00000 -0.01916 -0.00118 
 354  -999.00000 0.06455 -0.00432 -0.00088 0.00173 -0.00627 -0.02195 0.01067 
 355  -999.00000 0.03230 0.00406 0.00106 -0.00554 0.00079 -0.00983 0.00701 
 356  -999.00000 0.03380 0.00119 -999.00000 -0.00489 -999.00000 -0.00796 0.01840 
 357  -999.00000 0.02936 -0.00315 -0.02638 0.00042 -0.00279 -0.00335 0.01572 
 358  -999.00000 0.04047 0.00354 0.00317 0.01265 0.00354 -0.00781 0.02144 
 359  -999.00000 0.04518 0.00440 -999.00000 0.00818 -999.00000 -0.02504 -999.00000 
 360  -999.00000 0.05095 -0.00011 -999.00000 -0.00015 -0.00114 -0.01504 -0.01014 
 361  -999.00000 0.06133 0.00109 -0.02222 0.00550 0.00765 -0.01002 0.00665 
 362  -999.00000 0.04946 -999.00000 -999.00000 0.00822 0.00266 -0.00231 0.01083 
 363  -999.00000 0.03409 0.00184 -999.00000 0.00244 -999.00000 -0.02512 -999.00000 
 364  -999.00000 0.04718 0.00125 -0.05373 -0.00134 -0.01221 -0.00193 0.00659 
 365  -999.00000 0.04610 0.00265 0.05366 0.00539 -0.00991 -0.00292 -999.00000 
 366  -999.00000 0.04204 -0.00390 -999.00000 -0.00000 -999.00000 0.00175 0.00661 
 367  -999.00000 0.05760 0.00424 -0.01125 0.00044 -0.00553 0.01263 0.02809 
 368  -999.00000 0.04248 -0.00494 0.01600 -0.00177 -0.00253 -999.00000 0.00800 
 369  -999.00000 0.03657 -0.00041 -999.00000 -0.00450 -999.00000 -0.01856 0.00637 
 370  -999.00000 0.04993 0.00310 -999.00000 -0.00573 -0.00369 -0.01483 0.00786 
 371  -999.00000 0.04441 -999.00000 0.01045 0.00272 0.00339 -0.00667 0.00783 
 372  -999.00000 0.03885 -0.00110 -999.00000 0.00238 -999.00000 -0.02491 0.01493 
 373  -999.00000 0.04072 0.00128 -999.00000 0.00451 -999.00000 -0.02906 0.00721 
 374  -999.00000 0.03629 0.00455 -0.01667 -0.00281 0.01608 0.00429 0.01266 
 375  -999.00000 0.04798 -999.00000 -999.00000 -999.00000 -999.00000 -0.01618 0.01129 
 376  -999.00000 0.02851 0.00457 -999.00000 -0.00123 -999.00000 -0.01491 0.00938 
 377  -999.00000 0.04613 -0.00134 -999.00000 -0.00446 0.00053 -0.01768 0.00675 
 378  -999.00000 0.05450 0.00188 -999.00000 -0.00135 0.00272 -0.01885 0.01679 
 379  -999.00000 0.04563 0.00589 -999.00000 -0.00099 -999.00000 0.00287 0.00130 
 380  -999.00000 0.04605 0.00080 -999.00000 0.00442 -0.00657 -999.00000 0.01490 
 381  -999.00000 -999.00000 -0.00149 0.01782 -0.00515 0.00221 0.00380 0.00894 
 382  -999.00000 0.03651 0.00363 -999.00000 -0.00202 -999.00000 0.00141 0.01936 
 383  -999.00000 0.04385 0.00063 -999.00000 -0.00399 -0.00545 -0.03388 0.00949 
 384  -999.00000 0.05718 -0.00192 -999.00000 -0.00046 0.00944 -0.00550 0.01292 
 385  -999.00000 0.03801 -0.00081 -999.00000 -0.00156 -999.00000 -0.00268 0.01371 
 386  -999.00000 -999.00000 -999.00000 -999.00000 -999.00000 -0.02174 -999.00000 -999.00000 
 387  -999.00000 0.05585 0.00192 -999.00000 -999.00000 0.00435 -0.00250 0.00986 
 388  -999.00000 0.03021 0.00332 -999.00000 -0.00681 0.00524 0.00077 -999.00000 
 389  -999.00000 -999.00000 -0.00268 -999.00000 -0.00103 -999.00000 0.02230 0.01375 
 390  -999.00000 0.04325 -0.00098 -999.00000 0.00787 0.00870 0.01472 0.01681 
 391  -999.00000 0.04564 0.00452 -999.00000 0.00265 0.00447 -0.01269 0.02943 
 392  -999.00000 0.03660 -999.00000 -999.00000 0.00411 -999.00000 -0.00940 0.03000 
 393  -999.00000 0.03426 -0.00219 -999.00000 -0.00384 -0.01237 0.04101 -999.00000 
 394  -999.00000 0.03363 0.00478 -999.00000 0.00250 -0.03313 0.01349 0.00015 
 395  -999.00000 0.03965 -999.00000 -999.00000 -0.00311 -0.00428 -0.04133 0.01048 
 396  -999.00000 0.04023 0.00349 -999.00000 -0.00196 -999.00000 -0.03333 0.01288 
 397  -999.00000 0.04673 -0.00096 -999.00000 0.00234 0.03607 0.01572 0.00960 
 398  -999.00000 0.03945 -0.00375 -999.00000 0.00603 0.01538 0.03319 0.01017 
 399  -999.00000 0.03889 -0.01032 -999.00000 0.00087 -999.00000 -0.02509 0.01622 
 400  -999.00000 0.03465 -0.01068 -999.00000 0.00030 -999.00000 -0.03180 0.02377 
 401  -999.00000 0.04441 -0.00457 -999.00000 0.00030 -0.02759 -0.06840 0.02676 
 402  -999.00000 0.06163 -999.00000 -999.00000 0.00053 -999.00000 0.00538 0.01006 
 403  -999.00000 0.03273 -0.00250 -999.00000 0.00225 0.01681 0.04348 0.02023 
 404  -999.00000 0.03761 -0.00089 -999.00000 0.00799 0.02857 -0.01011 0.00735 
 405  -999.00000 0.05767 -0.00614 -999.00000 0.00887 0.00741 -0.04176 0.02505 
 406  -999.00000 0.04644 -0.00223 -999.00000 0.00412 -999.00000 -0.04397 0.00573 
 407  -999.00000 0.05848 0.00653 -999.00000 0.00640 -0.03750 -0.03913 0.01913 
 408  -999.00000 0.05232 -0.00233 -999.00000 0.00022 -0.06742 -0.01905 0.00831 
 409  -999.00000 0.06925 -0.00485 -999.00000 0.00085 -999.00000 0.01053 0.00651 
 410  -999.00000 0.04364 -0.01084 -999.00000 -999.00000 -0.01373 0.03111 0.00129 
 411  -999.00000 0.05263 0.00311 -999.00000 -0.00222 -999.00000 0.04320 0.01085 
 412  -999.00000 0.06231 0.00146 -999.00000 0.00285 -999.00000 0.01000 0.00824 
 413  -999.00000 0.05411 -0.00222 -999.00000 -0.00520 -0.03117 -0.00385 0.01749 
 414  -999.00000 0.06042 -0.00412 -999.00000 0.01446 -0.00482 -0.07170 0.01770 
 415  -999.00000 0.04886 -999.00000 -999.00000 0.00031 -999.00000 0.04490 0.02754 
 416  -999.00000 0.02967 0.00621 -999.00000 -0.00131 -999.00000 0.05909 0.02319 
 417  -999.00000 0.06376 0.00046 -999.00000 0.01072 0.00800 -999.00000 0.01416 
 418  -999.00000 0.04690 -999.00000 -999.00000 -0.00145 -999.00000 -999.00000 0.01664 
 419  -999.00000 0.02768 0.00319 -999.00000 0.00769 -999.00000 -999.00000 0.00221 
 420  -999.00000 0.03892 -0.00312 -999.00000 0.00225 -999.00000 -999.00000 0.01058 
 421  -999.00000 0.04803 -0.02121 -999.00000 0.00220 -999.00000 -999.00000 0.02034 
 422  -999.00000 0.01648 -0.04545 -999.00000 0.00891 -999.00000 -999.00000 0.01675 
 423  -999.00000 0.04395 -0.01472 -999.00000 -0.00256 -999.00000 -999.00000 0.00553 
 424  -999.00000 0.03489 -0.00028 -999.00000 0.00014 -999.00000 -999.00000 0.01489 
 425  -999.00000 0.02647 -999.00000 -999.00000 0.00597 -999.00000 -999.00000 0.03956 
 426  -999.00000 0.05428 0.00281 -999.00000 0.00412 -999.00000 -999.00000 0.01062 
 427  -999.00000 0.05481 -0.00402 -999.00000 0.00169 -999.00000 -999.00000 0.01115 
 428  -999.00000 0.04281 -0.00529 -999.00000 0.00081 -999.00000 -999.00000 0.04325 
 429  -999.00000 0.05082 0.00129 -999.00000 0.00941 -999.00000 -999.00000 0.03183 
 430  -999.00000 0.03688 0.00797 -999.00000 -999.00000 -999.00000 -999.00000 0.02731 
 431  -999.00000 0.04164 0.00055 -999.00000 0.00294 -999.00000 -999.00000 0.02110 
 432  -999.00000 0.04037 -999.00000 -999.00000 0.00008 -999.00000 -999.00000 0.02831 
 433  -999.00000 0.05192 0.00087 -999.00000 -999.00000 -999.00000 -999.00000 0.02356 
 434  -999.00000 0.05290 -0.00218 -999.00000 0.00183 -999.00000 -999.00000 0.03145 
 435  -999.00000 0.04503 -0.00732 -999.00000 0.00061 -999.00000 -999.00000 0.01467 
 436  -999.00000 0.03249 0.00328 -999.00000 0.00114 -999.00000 -999.00000 0.02685 
 437  -999.00000 0.02771 -0.00016 -999.00000 0.00191 -999.00000 -999.00000 0.01288 
 438  -999.00000 0.02189 0.01034 -999.00000 -0.00135 -999.00000 -999.00000 0.03133 
 439  -999.00000 0.03185 -0.01016 -999.00000 -0.00037 -999.00000 -999.00000 0.03261 
 440  -999.00000 0.04840 0.00313 -999.00000 0.00697 -999.00000 -999.00000 -0.02661 
 441  -999.00000 0.03385 0.00449 -999.00000 0.00123 -999.00000 -999.00000 0.01194 
 442  -999.00000 0.04716 -0.00038 -999.00000 -0.00365 -999.00000 -999.00000 0.08268 
 443  -999.00000 0.03314 0.00683 -999.00000 0.00112 -999.00000 -999.00000 -999.00000 
 444  -999.00000 0.04144 0.01085 -999.00000 0.00144 -999.00000 -999.00000 -0.01947 
 445  -999.00000 0.05053 -0.00033 -999.00000 0.00000 -999.00000 -999.00000 0.01280 
 446  -999.00000 0.03445 0.00677 -999.00000 0.00077 -999.00000 -999.00000 -999.00000 
 447  -999.00000 0.04518 -0.00467 -999.00000 -0.00384 -999.00000 -999.00000 -999.00000 
 448  -999.00000 0.04795 -999.00000 -999.00000 -0.00416 -999.00000 -999.00000 -0.00889 
 449  -999.00000 -999.00000 -999.00000 -999.00000 -999.00000 -999.00000 -999.00000 -999.00000 
 450  -999.00000 -999.00000 0.00544 -999.00000 -999.00000 -999.00000 -999.00000 -999.00000 
 451  -999.00000 -999.00000 -999.00000 -999.00000 -999.00000 -999.00000 -999.00000 -999.00000 
 452  -999.00000 -999.00000 -999.00000 -999.00000 0.00296 -999.00000 -999.00000 -999.00000 
 453  -999.00000 0.03542 -0.00308 -999.00000 0.00463 -999.00000 -999.00000 -999.00000 
 454  -999.00000 0.04700 0.00712 -999.00000 -0.00603 -999.00000 -999.00000 -999.00000 
 455  -999.00000 0.03272 0.00121 -999.00000 -0.00393 -999.00000 -999.00000 -999.00000 
 456  -999.00000 0.05199 -0.00566 -999.00000 -0.00148 -999.00000 -999.00000 -999.00000 
 457  -999.00000 0.04579 -0.00238 -999.00000 0.00959 -999.00000 -999.00000 -999.00000 
 458  -999.00000 0.03171 -0.00193 -999.00000 0.00215 -999.00000 -999.00000 -999.00000 
 459  -999.00000 0.03475 0.00432 -999.00000 0.00281 -999.00000 -999.00000 -999.00000 
 460  -999.00000 0.04423 0.00007 -999.00000 -0.00248 -999.00000 -999.00000 -999.00000 
 461  -999.00000 0.02902 0.00886 -999.00000 -0.00865 -999.00000 -999.00000 -999.00000 
 462  -999.00000 0.04393 0.00141 -999.00000 0.00387 -999.00000 -999.00000 -999.00000 
 463  -999.00000 0.02828 0.00051 -999.00000 -0.00090 -999.00000 -999.00000 -999.00000 
 464  -999.00000 -999.00000 0.00085 -999.00000 -999.00000 -999.00000 -999.00000 -999.00000 
 465  -999.00000 0.04358 -999.00000 -999.00000 -999.00000 -999.00000 -999.00000 -999.00000 
 466  -999.00000 0.04194 -0.00059 -999.00000 0.00000 -999.00000 -999.00000 -999.00000 
 467  -999.00000 0.04049 0.00145 -999.00000 -999.00000 -999.00000 -999.00000 -999.00000 
 468  -999.00000 -999.00000 0.00234 -999.00000 -999.00000 -999.00000 -999.00000 -999.00000 
 469  -999.00000 0.04073 -999.00000 -999.00000 0.01142 -999.00000 -999.00000 -999.00000 
 470  -999.00000 0.05197 0.00134 -999.00000 0.00370 -999.00000 -999.00000 -999.00000 
 471  -999.00000 0.05199 0.00007 -999.00000 -0.03196 -999.00000 -999.00000 -999.00000 
 472  -999.00000 0.04112 -999.00000 -999.00000 -0.04476 -999.00000 -999.00000 -999.00000 
 473  -999.00000 0.04695 0.00061 -999.00000 0.00164 -999.00000 -999.00000 -999.00000 
 474  -999.00000 0.04665 -0.00352 -999.00000 0.00093 -999.00000 -999.00000 -999.00000 
 475  -999.00000 -999.00000 -0.00338 -999.00000 0.00667 -999.00000 -999.00000 -999.00000 
 476  -999.00000 0.04314 0.00051 -999.00000 -0.05591 -999.00000 -999.00000 -999.00000 
 477  -999.00000 0.04042 0.00130 -999.00000 -999.00000 -999.00000 -999.00000 -999.00000 
 478  -999.00000 -999.00000 0.00235 -999.00000 -999.00000 -999.00000 -999.00000 -999.00000 
 479  -999.00000 -999.00000 0.00279 -999.00000 -999.00000 -999.00000 -999.00000 -999.00000 
 480  -999.00000 0.04960 -0.00604 -999.00000 -999.00000 -999.00000 -999.00000 -999.00000 
 481  -999.00000 0.03609 0.00270 -999.00000 -999.00000 -999.00000 -999.00000 -999.00000 
 482  -999.00000 -999.00000 -999.00000 -999.00000 -999.00000 -999.00000 -999.00000 -999.00000 
 483  -999.00000 0.03174 -0.00336 -999.00000 -999.00000 -999.00000 -999.00000 -999.00000 
 484  -999.00000 0.03769 -0.01917 -999.00000 -999.00000 -999.00000 -999.00000 -999.00000 
 485  -999.00000 0.03062 -999.00000 -999.00000 -999.00000 -999.00000 -999.00000 -999.00000 
 486  -999.00000 0.04922 -0.00475 -999.00000 -999.00000 -999.00000 -999.00000 -999.00000 
 487  -999.00000 0.04380 -0.00287 -999.00000 -999.00000 -999.00000 -999.00000 -999.00000 
 488  -999.00000 0.04065 -0.00499 -999.00000 -999.00000 -999.00000 -999.00000 -999.00000 
 489  -999.00000 0.03335 -0.00735 -999.00000 -999.00000 -999.00000 -999.00000 -999.00000 
 490  -999.00000 0.03779 -999.00000 -999.00000 -999.00000 -999.00000 -999.00000 -999.00000 
 491  -999.00000 0.04500 0.00388 -999.00000 -999.00000 -999.00000 -999.00000 -999.00000 
 492  -999.00000 0.04090 0.00128 -999.00000 -999.00000 -999.00000 -999.00000 -999.00000 
 493  -999.00000 0.04619 0.00125 -999.00000 -999.00000 -999.00000 -999.00000 -999.00000 
 494  -999.00000 -999.00000 0.00655 -999.00000 -999.00000 -999.00000 -999.00000 -999.00000 
 495  -999.00000 0.02912 -999.00000 -999.00000 -999.00000 -999.00000 -999.00000 -999.00000 
 496  -999.00000 -999.00000 -0.00156 -999.00000 -999.00000 -999.00000 -999.00000 -999.00000 
 497  -999.00000 0.03851 0.00000 -999.00000 -999.00000 -999.00000 -999.00000 -999.00000 
 498  -999.00000 0.03887 -999.00000 -999.00000 -999.00000 -999.00000 -999.00000 -999.00000 
 499  -999.00000 0.03474 -999.00000 -999.00000 -999.00000 -999.00000 -999.00000 -999.00000 
 500  -999.00000 -999.00000 0.00137 -999.00000 -999.00000 -999.00000 -999.00000 -999.00000 
 501  -999.00000 0.02414 -999.00000 -999.00000 -999.00000 -999.00000 -999.00000 -999.00000 
 502  -999.00000 0.03260 -999.00000 -999.00000 -999.00000 -999.00000 -999.00000 -999.00000 
 503  -999.00000 0.02403 -0.00621 -999.00000 -999.00000 -999.00000 -999.00000 -999.00000 
 504  -999.00000 0.01696 -999.00000 -999.00000 -999.00000 -999.00000 -999.00000 -999.00000 
 505  -999.00000 0.02610 0.00395 -999.00000 -999.00000 -999.00000 -999.00000 -999.00000 
 506  -999.00000 0.03207 0.00476 -999.00000 -999.00000 -999.00000 -999.00000 -999.00000 
 507  -999.00000 0.02694 0.00551 -999.00000 -999.00000 -999.00000 -999.00000 -999.00000 
 508  -999.00000 0.02661 -999.00000 -999.00000 -999.00000 -999.00000 -999.00000 -999.00000 
 509  -999.00000 0.02533 0.00072 -999.00000 -999.00000 -999.00000 -999.00000 -999.00000 
 510  -999.00000 0.02724 -0.00008 -999.00000 -999.00000 -999.00000 -999.00000 -999.00000 
 511  -999.00000 0.01823 -999.00000 -999.00000 -999.00000 -999.00000 -999.00000 -999.00000 
 512  -999.00000 0.00905 -999.00000 -999.00000 -999.00000 -999.00000 -999.00000 -999.00000 
