 1  -999.00000 -999.00000 -999.00000 -999.00000 -999.00000 -999.00000 -999.00000 -999.00000 
 2  0.19085 -999.00000 -999.00000 -999.00000 -999.00000 -999.00000 -999.00000 -999.00000 
 3  0.16356 -999.00000 -999.00000 -999.00000 -999.00000 -999.00000 -999.00000 -999.00000 
 4  0.14924 -999.00000 -999.00000 -999.00000 -999.00000 -999.00000 -999.00000 -999.00000 
 5  -999.00000 -999.00000 -999.00000 -999.00000 -999.00000 -999.00000 -999.00000 -999.00000 
 6  0.01596 -999.00000 -999.00000 -999.00000 -999.00000 -999.00000 -999.00000 -999.00000 
 7  0.01870 -999.00000 -999.00000 -999.00000 -999.00000 -999.00000 -999.00000 -999.00000 
 8  0.00464 -999.00000 -999.00000 -999.00000 -999.00000 -999.00000 -999.00000 -999.00000 
 9  -0.02478 -999.00000 -999.00000 -999.00000 -999.00000 -999.00000 -999.00000 -999.00000 
 10  0.01756 -999.00000 -999.00000 -999.00000 -999.00000 -999.00000 -999.00000 -999.00000 
 11  -999.00000 -999.00000 -999.00000 -999.00000 -999.00000 -999.00000 -999.00000 -999.00000 
 12  -999.00000 -999.00000 -999.00000 -0.30303 -999.00000 -999.00000 -999.00000 -999.00000 
 13  0.04521 -999.00000 -999.00000 -0.32542 -999.00000 -999.00000 -999.00000 -999.00000 
 14  0.06687 -999.00000 -999.00000 -999.00000 -999.00000 -999.00000 -999.00000 -999.00000 
 15  -999.00000 -999.00000 -999.00000 -0.28525 -999.00000 -999.00000 -999.00000 -999.00000 
 16  -0.02564 -999.00000 -999.00000 -0.23052 -999.00000 -999.00000 -999.00000 -999.00000 
 17  0.01051 -999.00000 -999.00000 -999.00000 -999.00000 -999.00000 -999.00000 -999.00000 
 18  -0.00528 -999.00000 -999.00000 -999.00000 -999.00000 -999.00000 -999.00000 -999.00000 
 19  0.03073 -999.00000 -999.00000 -0.25797 -999.00000 -999.00000 -999.00000 -999.00000 
 20  0.03581 -999.00000 -999.00000 -0.31949 -999.00000 -999.00000 -999.00000 -999.00000 
 21  0.02585 -999.00000 -999.00000 -999.00000 -999.00000 -999.00000 -999.00000 -999.00000 
 22  0.06455 -999.00000 -999.00000 -0.28597 -999.00000 -999.00000 -999.00000 -999.00000 
 23  0.03973 -999.00000 -999.00000 -0.26177 -999.00000 -999.00000 -999.00000 -999.00000 
 24  0.01146 -999.00000 -999.00000 -999.00000 -999.00000 -999.00000 -999.00000 -999.00000 
 25  0.08362 -999.00000 -999.00000 -999.00000 -999.00000 -999.00000 -999.00000 -999.00000 
 26  -999.00000 -999.00000 -999.00000 -0.26083 -999.00000 -999.00000 -999.00000 -999.00000 
 27  0.00946 -999.00000 -999.00000 -999.00000 -999.00000 -999.00000 -999.00000 -999.00000 
 28  -0.01016 -999.00000 -999.00000 -999.00000 -999.00000 -999.00000 -999.00000 -999.00000 
 29  0.05134 -999.00000 -999.00000 -0.26785 -999.00000 -999.00000 -999.00000 -999.00000 
 30  0.04494 -999.00000 -999.00000 -0.25787 -999.00000 -999.00000 -999.00000 -999.00000 
 31  0.07303 -999.00000 -999.00000 -999.00000 -999.00000 -999.00000 -999.00000 -999.00000 
 32  -999.00000 -999.00000 -999.00000 -999.00000 -999.00000 -999.00000 -999.00000 -999.00000 
 33  0.01960 -999.00000 -999.00000 -0.25797 -999.00000 -999.00000 -999.00000 -999.00000 
 34  0.02471 -999.00000 -999.00000 -999.00000 -999.00000 -999.00000 -999.00000 -999.00000 
 35  0.00478 0.15000 -999.00000 -999.00000 -999.00000 -999.00000 -999.00000 -999.00000 
 36  -0.00718 -999.00000 -999.00000 -0.23650 -999.00000 -999.00000 -999.00000 -999.00000 
 37  0.04655 -999.00000 -999.00000 -0.20645 -999.00000 -999.00000 -999.00000 -999.00000 
 38  -999.00000 -999.00000 -999.00000 -999.00000 -999.00000 -999.00000 -999.00000 -999.00000 
 39  0.01796 -999.00000 -999.00000 -0.25583 -999.00000 -999.00000 -999.00000 -999.00000 
 40  0.00314 -999.00000 -999.00000 -0.30313 -999.00000 -999.00000 -999.00000 -999.00000 
 41  0.04536 -999.00000 -999.00000 -0.20440 -999.00000 -999.00000 -999.00000 -999.00000 
 42  0.02595 -999.00000 -999.00000 -999.00000 -999.00000 -999.00000 -999.00000 -999.00000 
 43  0.02714 -999.00000 -999.00000 -0.25406 -999.00000 -999.00000 -999.00000 -999.00000 
 44  0.02201 -999.00000 -999.00000 -0.26364 -999.00000 -999.00000 -999.00000 -999.00000 
 45  -0.00865 -999.00000 -999.00000 -999.00000 -999.00000 -999.00000 -999.00000 -999.00000 
 46  -0.00638 -999.00000 -999.00000 -0.28450 -999.00000 -999.00000 -999.00000 -999.00000 
 47  -0.00670 -999.00000 -999.00000 -999.00000 -999.00000 -999.00000 -999.00000 -999.00000 
 48  0.03044 -999.00000 -999.00000 -999.00000 -999.00000 -999.00000 -999.00000 -999.00000 
 49  -0.00985 -999.00000 -999.00000 -0.24979 -999.00000 -0.36000 -999.00000 -999.00000 
 50  -0.00727 -999.00000 -999.00000 -0.25573 -999.00000 -999.00000 -999.00000 -999.00000 
 51  0.06111 -999.00000 -999.00000 -999.00000 -999.00000 -999.00000 -999.00000 -999.00000 
 52  0.01612 -999.00000 -999.00000 -999.00000 -999.00000 -999.00000 -999.00000 -999.00000 
 53  0.05932 -999.00000 -999.00000 -0.23480 -999.00000 -999.00000 -999.00000 -999.00000 
 54  0.12001 -999.00000 -999.00000 -0.28043 -999.00000 -999.00000 -999.00000 -999.00000 
 55  -999.00000 -999.00000 -999.00000 -0.26000 -999.00000 -999.00000 -999.00000 -999.00000 
 56  -0.00967 -999.00000 -999.00000 -0.29307 -999.00000 -0.32381 -999.00000 -999.00000 
 57  0.07033 -999.00000 -999.00000 -0.27778 -999.00000 -0.30291 0.14419 -999.00000 
 58  -999.00000 -999.00000 -999.00000 -0.14133 -999.00000 -999.00000 -999.00000 -999.00000 
 59  -0.05736 -999.00000 -999.00000 -999.00000 -999.00000 -0.23607 0.07407 -999.00000 
 60  0.01147 -999.00000 -999.00000 -0.28172 -999.00000 -0.34112 0.14261 -999.00000 
 61  -0.00889 -999.00000 -999.00000 -999.00000 -999.00000 -999.00000 0.03265 -999.00000 
 62  -0.02609 -999.00000 -999.00000 -999.00000 -999.00000 -0.30400 0.03636 -999.00000 
 63  -999.00000 -999.00000 -999.00000 -0.24103 -999.00000 -0.21935 0.00796 -999.00000 
 64  -0.02346 -999.00000 -999.00000 -999.00000 -999.00000 -0.22977 -0.03292 -999.00000 
 65  -999.00000 -999.00000 -999.00000 -999.00000 -999.00000 -0.30861 0.00886 -999.00000 
 66  -999.00000 -999.00000 -999.00000 -999.00000 -999.00000 -0.28876 -999.00000 -999.00000 
 67  -999.00000 -999.00000 -999.00000 -0.30718 -999.00000 -0.27095 0.03753 -999.00000 
 68  -999.00000 -999.00000 -999.00000 -999.00000 -999.00000 -0.27098 -0.07723 -999.00000 
 69  0.04595 -999.00000 -999.00000 -999.00000 -999.00000 -0.27173 0.07220 -999.00000 
 70  0.05498 -999.00000 -999.00000 -0.28210 -999.00000 -0.26711 0.01937 -999.00000 
 71  0.01972 -999.00000 -999.00000 -999.00000 -999.00000 -0.25451 0.00328 -999.00000 
 72  0.02838 -999.00000 -999.00000 -999.00000 -999.00000 -0.28452 0.03529 -999.00000 
 73  0.02742 -999.00000 -999.00000 -0.26903 -999.00000 -0.27832 0.03339 -999.00000 
 74  0.00397 -999.00000 -999.00000 -999.00000 -999.00000 -0.26759 0.02811 -999.00000 
 75  0.00808 -999.00000 -999.00000 -999.00000 -999.00000 -0.25114 -0.01047 -999.00000 
 76  0.02560 -999.00000 -999.00000 -999.00000 -999.00000 -0.28192 -0.01435 -999.00000 
 77  0.01045 -999.00000 -999.00000 -0.26749 -999.00000 -0.25665 -0.01918 -999.00000 
 78  -0.01732 -999.00000 -999.00000 -999.00000 -999.00000 -0.28719 -0.04007 -999.00000 
 79  0.02372 -999.00000 -999.00000 -999.00000 -999.00000 -0.26551 0.02537 -999.00000 
 80  0.02730 -999.00000 -999.00000 -0.28089 -999.00000 -0.27496 -0.00267 -999.00000 
 81  0.02054 -999.00000 -999.00000 -999.00000 -999.00000 -0.26676 -0.03811 -999.00000 
 82  -999.00000 -999.00000 -999.00000 -999.00000 -999.00000 -0.25734 0.03457 -999.00000 
 83  0.01870 -999.00000 -999.00000 -0.24266 -999.00000 -0.24502 -0.01753 -999.00000 
 84  -0.00317 -999.00000 -999.00000 -0.25309 -999.00000 -0.27245 -0.07753 -999.00000 
 85  0.01649 -999.00000 -999.00000 -999.00000 -999.00000 -0.27152 -0.02860 -999.00000 
 86  -999.00000 -999.00000 -999.00000 -999.00000 -999.00000 -0.26280 -0.00847 -999.00000 
 87  0.01890 -999.00000 -999.00000 -0.26652 -999.00000 -0.24738 -999.00000 -999.00000 
 88  0.05366 -999.00000 -999.00000 -999.00000 -999.00000 -0.27654 -0.00172 0.20000 
 89  0.01212 -999.00000 -999.00000 -999.00000 -999.00000 -0.28100 0.01608 -0.02623 
 90  -999.00000 -999.00000 -999.00000 -0.27474 -999.00000 -0.20662 -0.00855 0.02899 
 91  -0.00192 -999.00000 -999.00000 -999.00000 -999.00000 -0.18484 -0.01712 0.11628 
 92  0.01477 -999.00000 -999.00000 -999.00000 -999.00000 -0.27538 -0.00575 -0.02588 
 93  -0.00205 -999.00000 -999.00000 -999.00000 -999.00000 -0.24995 -0.02715 -999.00000 
 94  -999.00000 -999.00000 -999.00000 -0.25524 -999.00000 -0.20018 -0.01451 0.08654 
 95  0.00817 -999.00000 -999.00000 -999.00000 -999.00000 -0.26146 0.02320 -0.02222 
 96  -0.00031 -999.00000 -999.00000 -999.00000 -999.00000 -0.24758 -0.05828 0.00308 
 97  0.01546 -999.00000 -999.00000 -0.25428 -999.00000 -0.26987 -0.04374 -999.00000 
 98  -0.06947 -999.00000 -999.00000 -999.00000 -999.00000 -0.27206 0.01934 -0.00221 
 99  -0.00199 -999.00000 -999.00000 -999.00000 -999.00000 -0.24154 -0.02512 -0.02456 
 100  -0.01605 -999.00000 -999.00000 -999.00000 -999.00000 -0.24615 -0.02933 -999.00000 
 101  -0.00231 -999.00000 -999.00000 -999.00000 -999.00000 -0.26073 -0.02236 -0.00140 
 102  -0.00431 -999.00000 -999.00000 -999.00000 -999.00000 -0.27721 -0.02744 -0.02302 
 103  0.01265 -999.00000 -999.00000 -999.00000 -999.00000 -0.25546 -0.00168 0.03256 
 104  -0.00417 -999.00000 -999.00000 -0.26812 -999.00000 -0.29003 -0.03295 0.00503 
 105  -999.00000 -999.00000 -999.00000 -999.00000 -999.00000 -0.25690 -0.02992 0.05749 
 106  -0.04360 -999.00000 -999.00000 -999.00000 -999.00000 -0.25536 -0.06318 0.03111 
 107  0.00815 -999.00000 -999.00000 -0.25920 -999.00000 -0.26114 0.02519 0.00821 
 108  -0.01379 -999.00000 -999.00000 -999.00000 -999.00000 -999.00000 -0.02172 0.00594 
 109  -0.03199 -999.00000 -999.00000 -999.00000 -999.00000 -0.27851 -0.02289 -999.00000 
 110  -0.01869 -999.00000 -999.00000 -999.00000 -999.00000 -0.26202 -0.04388 -0.00200 
 111  -0.05323 -999.00000 -999.00000 -0.24736 -999.00000 -0.27023 -0.04208 0.00942 
 112  -999.00000 -999.00000 -999.00000 -999.00000 -999.00000 -0.25736 -0.02680 0.03229 
 113  0.00438 -999.00000 -999.00000 -999.00000 -999.00000 -0.25996 -0.00485 -0.00000 
 114  -999.00000 -999.00000 -999.00000 -999.00000 -999.00000 -0.26932 -0.01102 -0.02538 
 115  0.01498 -999.00000 -999.00000 -999.00000 -0.20645 -0.26915 -0.05397 -0.00083 
 116  -0.01108 -999.00000 -999.00000 -999.00000 -999.00000 -0.23788 -0.02471 -0.00448 
 117  0.00102 -999.00000 -999.00000 -0.26545 -999.00000 -0.26576 -0.00734 0.01765 
 118  -0.02355 -999.00000 -999.00000 -999.00000 -999.00000 -999.00000 -0.06477 0.04672 
 119  0.00091 -999.00000 -999.00000 -999.00000 -999.00000 -0.28487 -0.01812 0.03083 
 120  -0.00671 -999.00000 -999.00000 -999.00000 -0.22090 -0.28798 -0.01231 0.06645 
 121  -0.00742 -999.00000 -999.00000 -0.27729 -0.19310 -0.27766 -0.04408 0.03353 
 122  -0.04698 -999.00000 -999.00000 -999.00000 -0.24576 -0.26785 -0.04404 -0.00000 
 123  0.01517 -999.00000 -999.00000 -999.00000 -0.23704 -0.27249 -0.06304 0.01869 
 124  -0.07068 -999.00000 -999.00000 -999.00000 -0.20000 -0.27764 -0.05613 -0.07125 
 125  -0.06015 -999.00000 -999.00000 -999.00000 -0.23130 -0.26582 -0.04398 -0.02458 
 126  -0.10772 -999.00000 -999.00000 -999.00000 -0.18852 -0.27380 -0.01125 -0.02236 
 127  -999.00000 -999.00000 -999.00000 -0.26567 -0.20000 -0.25325 -0.03930 -0.03947 
 128  -999.00000 -999.00000 -999.00000 -0.25502 -999.00000 -0.27784 -0.05561 -0.04657 
 129  -999.00000 -999.00000 -999.00000 -999.00000 -999.00000 -999.00000 -0.03692 -999.00000 
 130  -999.00000 -999.00000 -999.00000 -0.25051 -0.18875 -0.26702 -0.03871 -999.00000 
 131  0.05519 -999.00000 -999.00000 -0.26933 -999.00000 -999.00000 -0.03224 -999.00000 
 132  0.01259 -999.00000 -999.00000 -999.00000 -0.26011 -0.25878 -0.02049 -999.00000 
 133  0.01876 -999.00000 -999.00000 -999.00000 -999.00000 -0.29516 -0.06028 0.02863 
 134  -999.00000 -999.00000 -999.00000 -0.27043 -999.00000 -999.00000 -0.06122 -0.00374 
 135  -0.03511 -999.00000 -999.00000 -999.00000 -999.00000 -0.23953 -0.06187 -0.05473 
 136  -0.03516 -999.00000 -999.00000 -999.00000 -0.27925 -0.23625 -0.02725 -999.00000 
 137  -0.01185 -999.00000 -999.00000 -0.25851 -999.00000 -0.24629 -0.06345 0.03174 
 138  0.03790 -999.00000 -999.00000 -0.27833 -999.00000 -0.27445 -0.05322 0.01734 
 139  -0.08278 -999.00000 -999.00000 -999.00000 -999.00000 -0.26696 -0.05447 -0.02565 
 140  -0.08097 -999.00000 -999.00000 -999.00000 -0.34435 -0.27874 -0.04307 -0.04558 
 141  -0.03058 -999.00000 -999.00000 -0.26695 -999.00000 -0.27124 -0.02645 -0.00482 
 142  -0.03221 -999.00000 -999.00000 -999.00000 -0.23176 -0.26597 -0.03145 -0.02098 
 143  -0.03331 -999.00000 -999.00000 -999.00000 -0.29145 -0.26573 -0.02231 -0.06416 
 144  -0.04523 -999.00000 -999.00000 -0.25131 -0.23680 -0.26851 -0.02458 0.05861 
 145  -0.02352 -999.00000 -999.00000 -999.00000 -0.28872 -0.27366 -0.04290 0.02993 
 146  -0.02222 -999.00000 -999.00000 -999.00000 -0.25390 -999.00000 -0.05757 -0.01269 
 147  -0.06313 -999.00000 -999.00000 -0.25553 -0.25657 -0.27169 -0.02739 -0.00087 
 148  -0.01474 -999.00000 -999.00000 -0.26205 -999.00000 -999.00000 -0.01252 -0.02365 
 149  -999.00000 -999.00000 -999.00000 -999.00000 -0.27739 -0.24444 -0.01552 -0.06406 
 150  -0.01237 -999.00000 -999.00000 -0.25692 -999.00000 -0.25789 -0.02516 0.00560 
 151  -0.01509 -999.00000 -999.00000 -0.28642 -0.27813 -0.25255 0.00017 -0.02266 
 152  -0.03069 0.03200 -999.00000 -999.00000 -0.24343 -0.25103 -0.01212 -0.04157 
 153  -0.05854 -999.00000 -999.00000 -999.00000 -0.24575 -0.26805 -0.00563 -0.02489 
 154  -0.02147 -999.00000 -999.00000 -0.24650 -0.25875 -0.26370 0.00744 0.02302 
 155  -0.00444 0.07463 -999.00000 -999.00000 -0.25480 -0.25302 -0.00834 0.00816 
 156  -0.01533 -999.00000 -999.00000 -999.00000 -0.23736 -0.27150 -0.01195 0.01261 
 157  -0.03182 -999.00000 -999.00000 -0.26799 -999.00000 -0.25572 -0.00942 0.02770 
 158  -0.04347 -0.06265 -999.00000 -0.24901 -0.05820 -999.00000 -0.03023 -0.02916 
 159  -0.05705 0.13714 -999.00000 -999.00000 -0.20836 -0.27094 -0.02841 -0.01606 
 160  -999.00000 -0.01556 -999.00000 -999.00000 -0.28633 -0.25977 0.00063 -0.01751 
 161  -0.02002 -0.01818 -999.00000 -0.15235 -0.24390 -0.18849 -0.02318 0.01959 
 162  -0.06212 -999.00000 -999.00000 -999.00000 -0.21647 -0.24238 -0.03030 -0.00240 
 163  -0.03064 -0.01748 -999.00000 -999.00000 -999.00000 -0.24873 -0.04083 -0.01599 
 164  -0.03694 0.16226 -999.00000 -0.26377 -0.28586 -0.26929 0.00121 0.00000 
 165  -0.01947 -0.09206 -999.00000 -999.00000 -0.20596 -0.24237 -0.02253 0.00683 
 166  -0.02571 0.12692 -999.00000 -999.00000 -0.23622 -999.00000 -0.03153 -0.01009 
 167  0.09299 0.12137 -999.00000 -0.26653 -0.22506 -0.25974 0.00270 -0.02670 
 168  -0.04694 0.04564 -999.00000 -0.24792 -0.28665 -999.00000 -0.06279 -0.05182 
 169  -999.00000 0.09615 -999.00000 -999.00000 -0.18325 -0.25411 -0.02846 -0.00241 
 170  -0.26491 0.01538 -999.00000 -0.25606 -0.26049 -0.24089 -0.02872 -0.00386 
 171  -0.06295 0.06272 -999.00000 -0.27564 -0.24325 -0.24336 -0.05765 -0.00113 
 172  -0.04992 0.05409 -999.00000 -999.00000 -0.27661 -0.27178 -0.04489 -0.00603 
 173  -0.03176 0.06995 -999.00000 -999.00000 -0.27154 -0.27610 -999.00000 0.00343 
 174  -0.04074 -999.00000 -999.00000 -0.26467 -0.26469 -0.23925 0.00489 -0.03073 
 175  0.00238 0.06952 -999.00000 -999.00000 -0.18908 -0.25231 0.01161 -0.01521 
 176  -0.01661 0.14231 -999.00000 -999.00000 -0.21443 -0.22931 -0.02021 -0.05577 
 177  -0.03226 0.02299 -999.00000 -0.25784 -0.22515 -0.21427 -0.03083 -0.05806 
 178  -0.02031 0.01313 -999.00000 -0.27315 -0.30021 -0.25029 -0.03541 -0.00938 
 179  0.05161 0.08333 -999.00000 -999.00000 -0.24343 -0.25610 -0.02170 -0.00495 
 180  -0.02565 0.06109 -999.00000 -999.00000 -0.22591 -0.26098 -0.04688 -0.00255 
 181  -0.04954 0.00074 -999.00000 -0.28510 -0.20292 -999.00000 -0.02693 -0.00447 
 182  0.03380 -0.08739 -999.00000 -999.00000 -0.24652 -0.28122 -0.05080 0.07977 
 183  0.01272 -0.12642 -999.00000 -999.00000 -0.24299 -0.26918 -0.02654 0.08220 
 184  -999.00000 -0.00476 -999.00000 -0.28020 -0.27505 -0.24854 -0.00781 -0.00291 
 185  -0.03057 0.13929 -999.00000 -0.29687 -999.00000 -0.24971 -0.02876 0.04207 
 186  0.01777 0.16039 -999.00000 -999.00000 -0.26233 -0.25419 -0.02058 0.02963 
 187  -999.00000 -999.00000 -999.00000 -999.00000 -0.28556 -0.26465 -0.06828 0.03195 
 188  -0.06572 0.08761 -999.00000 -0.27055 -0.27491 -999.00000 -0.02184 -999.00000 
 189  -0.00000 0.13403 -999.00000 -999.00000 -0.25836 -0.25480 -0.01881 -0.02730 
 190  -0.05141 0.02966 -999.00000 -999.00000 -0.27917 -0.25687 -999.00000 -0.02357 
 191  -999.00000 0.00473 -999.00000 -0.27681 -0.25000 -0.26355 -0.03011 -0.04511 
 192  -999.00000 -999.00000 -999.00000 -999.00000 -0.27736 -0.25742 0.01175 -0.04317 
 193  -999.00000 -999.00000 -999.00000 -999.00000 -0.26041 -0.26854 -0.01870 -999.00000 
 194  -999.00000 -999.00000 -0.22746 -0.24730 -0.25465 -999.00000 -0.01892 0.03083 
 195  -0.16320 -999.00000 -0.16133 -0.28556 -0.27360 -0.28391 0.00725 -999.00000 
 196  -0.28132 -999.00000 -0.20662 -999.00000 -0.28283 -0.24591 -0.01411 0.02241 
 197  -999.00000 0.17609 -0.16119 -0.26412 -0.32912 -0.27310 -0.00772 0.01714 
 198  -0.24071 0.05970 -0.18446 -999.00000 -0.29392 -999.00000 0.00861 0.01228 
 199  -0.02685 0.07971 -0.18398 -999.00000 -0.28049 -0.23280 -0.00562 0.02136 
 200  -0.19565 0.09438 -0.19741 -999.00000 -0.21605 -0.27823 -0.01002 -0.04596 
 201  -0.13499 0.01422 -0.16625 -0.27769 -0.27396 -0.27947 0.00201 -0.02020 
 202  -0.12704 0.01905 -0.20682 -999.00000 -0.28690 -0.25778 -0.01477 0.00156 
 203  -0.17293 0.08062 -0.17344 -999.00000 -0.29378 -0.22616 -0.00378 -0.00376 
 204  -0.02184 0.11958 -0.16238 -0.28015 -0.26694 -0.25384 -0.00944 0.02953 
 205  -0.19424 0.03569 -0.16075 -0.28133 -0.26520 -999.00000 0.00204 -0.01049 
 206  -0.09042 0.03292 -0.14529 -999.00000 -0.28275 -0.21967 -0.01121 -0.00392 
 207  -0.04563 0.01205 -0.16417 -999.00000 -0.25676 -0.25243 -0.02357 0.00380 
 208  -0.17862 0.04220 -0.12896 -0.27452 -0.27413 -0.25605 -999.00000 -0.00577 
 209  -0.12040 0.00123 -0.10648 -999.00000 -0.23649 -0.24833 -0.01345 0.00128 
 210  -0.14684 0.02011 -0.10632 -999.00000 -0.28293 -0.25894 0.04601 0.01122 
 211  -0.04780 0.05587 -0.12918 -0.19307 -0.26998 -0.25864 -0.01753 -0.01628 
 212  -0.04406 0.04737 -0.13582 -0.26763 -0.25237 -999.00000 -999.00000 -0.00833 
 213  -0.07429 -0.01313 -0.09183 -999.00000 -0.25408 -0.25993 -0.01540 -0.00257 
 214  -0.06562 0.06077 -0.12176 -999.00000 -0.27155 -0.21991 0.00781 0.00172 
 215  -0.05791 0.01505 -0.10129 -0.24612 -0.26053 -999.00000 -0.02462 0.01631 
 216  -0.10037 0.02680 -0.13445 -999.00000 -0.26807 -0.21809 0.02629 0.03938 
 217  -999.00000 0.01612 -0.12283 -999.00000 -0.25513 -0.23654 -0.01205 -0.01677 
 218  -0.08933 0.02393 -0.11179 -0.23775 -0.24286 -0.25314 0.00930 -0.01717 
 219  -0.07458 0.08851 -0.14528 -999.00000 -0.21634 -0.20815 0.00256 0.03415 
 220  -0.01222 0.02067 -0.12022 -999.00000 -0.26362 -0.23731 0.03662 -0.00978 
 221  -0.01482 0.01058 -0.17917 -0.26583 -0.21079 -999.00000 -0.00421 -0.02677 
 222  -0.07214 0.04205 -0.12582 -999.00000 -0.26818 -0.25679 -0.04871 -0.01249 
 223  -0.02338 -0.00865 -0.12984 -999.00000 -0.24978 -0.24783 0.01203 -999.00000 
 224  -0.02278 -0.00125 -0.19138 -999.00000 -0.28584 -0.25568 0.02061 -0.00203 
 225  -0.02730 0.02690 -0.11503 -0.25331 -0.28976 -999.00000 0.02944 0.00581 
 226  -0.03438 0.04937 -0.14111 -999.00000 -0.26284 -0.17901 0.00856 -0.02590 
 227  -0.02366 0.06560 -0.05291 -999.00000 -0.27300 -0.22954 0.01165 -0.03493 
 228  -0.09545 -0.02079 -0.06283 -0.27573 -0.21050 -999.00000 0.01247 -0.00720 
 229  -0.06108 0.07657 -0.01955 -999.00000 -0.27885 -0.23876 0.01987 0.01071 
 230  -0.03474 0.03545 -0.08315 -999.00000 -0.25191 -0.24513 0.00138 -0.03060 
 231  -0.06675 0.01845 -0.12125 -0.23861 -0.25755 -0.24114 -0.00713 0.01324 
 232  0.01093 -0.02222 -0.11254 -0.23087 -0.23311 -0.25950 0.01987 -0.02059 
 233  -0.01405 0.02944 -0.16095 -999.00000 -0.28667 -0.26889 -0.01955 -0.05590 
 234  -0.02038 -0.02493 -0.12297 -999.00000 -0.27266 -0.17143 0.00908 -999.00000 
 235  -0.00903 -999.00000 -0.07380 -0.26500 -0.26924 -0.24569 -999.00000 0.01352 
 236  -0.15098 0.03837 -0.13844 -999.00000 -0.26304 -0.21857 0.03787 -999.00000 
 237  -0.03959 0.01619 -0.07531 -999.00000 -0.29187 -0.26957 0.00672 0.00159 
 238  -0.10963 0.07209 -0.13240 -0.26211 -0.29040 -999.00000 -0.00968 0.02419 
 239  -0.04630 0.08540 -0.11723 -999.00000 -0.27687 -0.26645 -999.00000 -0.03121 
 240  -0.03707 0.03024 -0.11700 -999.00000 -999.00000 -0.24891 -999.00000 -0.03002 
 241  -0.09199 0.01878 -0.17987 -0.26797 -0.26985 -0.27699 -0.01204 0.00851 
 242  -0.09673 0.02762 -0.03927 -0.29447 -0.24701 -0.27078 0.03647 -0.02647 
 243  -0.12698 -0.00080 -0.10406 -999.00000 -0.26544 -0.24640 -0.00480 -0.01716 
 244  -999.00000 0.01992 -0.15639 -999.00000 -0.25963 -0.24728 0.02083 0.01083 
 245  -0.16297 0.06387 -0.09522 -0.25514 -0.27921 -999.00000 -999.00000 -999.00000 
 246  -999.00000 -0.02974 -0.10636 -999.00000 -0.29401 -0.23043 0.06981 0.01052 
 247  -0.17504 -0.06450 -0.11390 -999.00000 -0.27646 -0.26074 0.01704 -0.02284 
 248  -0.12688 -0.04430 -0.15058 -0.24784 -0.30991 -0.26152 0.06498 0.02111 
 249  -0.10857 -0.10354 -0.12928 -999.00000 -0.28165 -0.28861 0.02064 -0.01885 
 250  -0.09065 -0.04929 -0.09572 -999.00000 -0.28312 -0.25536 0.03963 -0.02028 
 251  -0.23556 -0.03493 -999.00000 -999.00000 -0.28084 -0.23243 0.02141 0.00053 
 252  -0.24014 -0.10664 -0.11283 -0.27860 -0.28881 -0.27195 -999.00000 -999.00000 
 253  -0.10467 -0.04764 -0.15070 -999.00000 -0.24994 -0.25280 0.00823 -0.01634 
 254  -0.19320 -0.00427 -0.10955 -999.00000 -0.27023 -0.25403 0.05616 -0.02372 
 255  -0.13249 -0.06595 -0.15574 -0.26931 -0.26390 -0.25040 -0.00072 -0.03977 
 256  -0.24057 -0.08204 -0.10093 -999.00000 -0.27801 -0.29688 -0.03102 -0.08326 
 257  0.09791 -0.09351 -999.00000 -999.00000 -0.29337 -999.00000 -999.00000 -999.00000 
 258  -0.00984 -0.08417 -0.16671 -0.26695 -0.28837 -999.00000 -999.00000 -999.00000 
 259  0.06848 -0.09389 -0.10360 -999.00000 -0.27543 -999.00000 0.03345 -999.00000 
 260  -0.04040 -0.00268 -999.00000 -999.00000 -0.26117 -999.00000 0.05868 -999.00000 
 261  0.00519 -0.02521 -0.13536 -0.26010 -0.27096 -0.27076 0.03830 0.04207 
 262  0.02651 -0.01589 -0.13416 -999.00000 -0.26644 -0.27678 0.03439 -0.02102 
 263  0.01470 0.00551 -0.13233 -999.00000 -0.25622 -999.00000 0.02115 -0.02416 
 264  -0.07061 -0.02713 -0.12775 -0.31341 -0.25503 -999.00000 0.02476 -0.00367 
 265  -0.10032 -0.05210 -0.10808 -0.26484 -0.25498 -0.25962 0.00776 -0.04842 
 266  -0.00000 0.00194 -0.08916 -999.00000 -0.28697 -0.28180 0.05541 -0.03265 
 267  0.00868 -0.02661 -0.08971 -999.00000 -0.21830 -999.00000 0.03182 -999.00000 
 268  0.04069 -0.08138 -0.11859 -0.24448 -0.29046 -0.26894 0.02675 -0.02167 
 269  0.01420 0.01700 -0.13996 -999.00000 -0.28780 -0.28294 0.01872 -0.00532 
 270  -0.00358 -0.02695 -999.00000 -999.00000 -0.26179 -999.00000 0.05416 0.00291 
 271  -999.00000 -0.03140 -0.17659 -0.21209 -0.27094 -0.27163 0.03004 -0.03828 
 272  0.08337 -0.01667 -0.15318 -0.24892 -0.28235 -0.27734 0.07623 0.01569 
 273  -0.00940 -0.02432 -0.14724 -999.00000 -0.27236 -999.00000 0.04032 0.00660 
 274  -0.01358 -0.01910 -0.09620 -999.00000 -0.27766 -0.20476 0.01086 0.02404 
 275  -0.06578 0.00792 -0.15178 -0.26870 -0.27641 -0.26282 0.04000 -0.02333 
 276  -0.01884 0.05816 -0.08900 -999.00000 -0.26289 -0.23811 0.04909 -0.01401 
 277  0.01321 -0.04175 -0.08882 -999.00000 -0.25200 -999.00000 -999.00000 -0.02441 
 278  -0.02244 -0.01316 -0.12442 -0.20328 -0.27344 -0.23699 0.03670 -0.00914 
 279  -0.02489 -0.04290 -0.11660 -999.00000 -0.26324 -0.25251 0.06028 -0.03117 
 280  0.01569 -0.04699 -0.14209 -999.00000 -0.18483 -999.00000 0.02822 -0.02061 
 281  0.01787 0.02179 -0.19734 -0.24454 -0.27221 -0.23905 0.03227 -0.02628 
 282  0.04592 0.03649 -0.17653 -0.25431 -0.25640 -0.26475 0.06354 -0.00825 
 283  0.02028 -0.03315 -0.11910 -999.00000 -0.27290 -999.00000 0.04937 -0.01767 
 284  0.00239 -0.00201 -0.10743 -999.00000 -0.25948 -0.26056 0.01136 -0.04470 
 285  0.02402 -0.04993 -0.18794 -0.26614 -0.25748 -0.28673 0.02056 0.00876 
 286  -0.06560 -0.06039 -0.14897 -0.25538 -0.26869 -0.25878 0.03388 -0.00137 
 287  0.04011 -0.06972 -0.11175 -999.00000 -0.28357 -999.00000 0.00967 -0.03008 
 288  -999.00000 0.02896 -0.11385 -0.27582 -0.27853 -0.26186 0.02186 -0.03247 
 289  0.06030 -0.02440 -0.09574 -0.28714 -0.26443 -0.26556 0.03847 -0.00608 
 290  -999.00000 0.01871 -0.18530 -999.00000 -0.25555 -999.00000 0.02634 -0.04843 
 291  -0.00870 0.00905 -0.12876 -999.00000 -0.29453 -0.25126 0.06093 -0.00105 
 292  0.00557 -0.02325 -0.16829 -0.25513 -0.26830 -0.26596 0.08162 0.00265 
 293  -0.06402 -0.05802 -0.12294 -999.00000 -0.25102 -999.00000 0.01696 -0.00908 
 294  -0.15084 -0.07617 -0.13702 -999.00000 -0.24712 -0.24004 0.03942 -0.00906 
 295  0.05043 -0.05732 -0.14842 -0.23525 -0.24971 -0.25842 -999.00000 -0.00787 
 296  0.08836 -0.05670 -0.11558 -999.00000 -0.24980 -0.28009 0.08291 -0.02387 
 297  -0.13757 -0.05194 -0.12070 -999.00000 -0.26998 -999.00000 0.06821 -0.01845 
 298  -0.06804 -0.03946 -0.09433 -0.27726 -0.24861 -0.27311 0.08150 -0.01602 
 299  -0.07126 -0.14230 -0.16408 -0.25803 -0.25927 -0.23380 0.04728 -0.03100 
 300  -0.01891 -0.06722 -0.14758 -999.00000 -0.25520 -999.00000 0.06971 -0.02799 
 301  -0.07111 -0.10075 -0.15063 -0.22893 -0.26313 -0.24640 0.06978 -0.04380 
 302  -0.03444 -0.06806 -0.12301 -0.26346 -0.27081 -0.28571 0.02528 -0.03099 
 303  -0.04337 -0.08076 -0.14646 -999.00000 -0.25788 -999.00000 0.05904 -0.03570 
 304  0.00804 -0.05821 -0.12704 -999.00000 -0.25652 -0.23300 0.05955 -0.02851 
 305  -0.11882 -0.07015 -0.12228 -0.24596 -999.00000 -0.28282 0.05647 -0.06465 
 306  -0.09422 -0.05390 -0.14019 -999.00000 -0.25619 -999.00000 0.03593 -0.02421 
 307  0.02317 -0.05309 -0.16724 -999.00000 -0.25132 -999.00000 0.06705 -0.01946 
 308  -0.06364 -0.04063 -0.10054 -0.25000 -0.27319 -0.28099 0.04433 -0.02315 
 309  0.04060 -0.02726 -0.14082 -0.23757 -0.26628 -0.27300 0.04000 -0.02771 
 310  -0.05741 0.02630 -0.16340 -999.00000 -0.27765 -999.00000 0.05555 -0.01831 
 311  -0.09084 0.00924 -999.00000 -0.22894 -0.28150 -0.23489 0.01259 -999.00000 
 312  -0.01423 0.05724 -0.20810 -0.27518 -0.28088 -0.24149 0.07677 -0.02596 
 313  0.00909 0.03633 -0.17864 -999.00000 -0.25256 -999.00000 0.04317 -0.00518 
 314  0.04790 0.02222 -0.14882 -999.00000 -999.00000 -0.23100 0.04339 -0.04943 
 315  0.09012 -0.01551 -999.00000 -0.29702 -0.27279 -0.25752 0.02522 -0.01077 
 316  -0.10240 -0.01342 -0.13233 -999.00000 -0.26955 -999.00000 0.02532 -0.00424 
 317  -0.01338 0.01515 -0.16881 -999.00000 -0.27546 -0.23799 0.03396 -0.00681 
 318  -0.14254 -0.03537 -0.10994 -0.25808 -999.00000 -0.24853 0.03782 -0.03109 
 319  -999.00000 -0.00077 -0.16189 -999.00000 -0.29063 -0.27127 0.03730 0.00056 
 320  -999.00000 0.00077 -0.14835 -999.00000 -0.27074 -999.00000 -0.02986 -0.00853 
 321  -999.00000 -0.01021 -999.00000 -0.25137 -0.26991 -999.00000 -999.00000 -0.04761 
 322  -999.00000 -0.01923 -0.10433 -0.25813 -0.26577 -999.00000 -999.00000 -0.02630 
 323  -0.03301 0.00849 -0.14266 -999.00000 -0.26397 -999.00000 0.05327 -0.01053 
 324  0.00648 -0.00868 -0.15551 -999.00000 -0.25956 -999.00000 -999.00000 -0.04054 
 325  -0.01063 -0.04860 -0.15870 -0.26070 -0.27793 -999.00000 0.03202 -0.03171 
 326  0.00493 -0.01827 -0.12698 -999.00000 -0.26045 -999.00000 -999.00000 -0.01773 
 327  -999.00000 -0.07615 -0.13545 -999.00000 -0.25722 -999.00000 -999.00000 -0.03755 
 328  0.05424 0.03668 -0.16426 -0.24000 -0.26849 -0.29063 0.00153 -0.00984 
 329  -0.06036 0.00628 -0.19258 -0.27090 -0.24534 -0.26144 0.07974 -0.00050 
 330  -0.07843 -0.03314 -0.12390 -999.00000 -0.26621 -999.00000 0.12664 -0.04067 
 331  0.11648 -0.01593 -0.16825 -0.23671 -0.26073 -0.27176 0.04238 -0.04179 
 332  -0.00617 0.00021 -0.15831 -0.24908 -0.27432 -0.30465 0.06371 -0.02272 
 333  -999.00000 0.00102 -0.16715 -999.00000 -0.23301 -999.00000 0.02163 -0.03937 
 334  -0.04211 -0.01692 -0.16788 -0.23040 -0.24862 -0.26227 0.04991 -0.04077 
 335  0.03651 0.02379 -0.19722 -0.23763 -0.25840 -0.29870 0.09134 -0.02275 
 336  -0.19562 -0.00177 -0.14032 -999.00000 -999.00000 -999.00000 0.04474 -0.02223 
 337  -0.09790 -0.01831 -0.18019 -999.00000 -0.24531 -999.00000 0.01584 -0.05039 
 338  -999.00000 -0.03385 -0.16168 -0.23557 -0.25941 -0.23939 -0.00333 -0.02602 
 339  -999.00000 -0.00532 -999.00000 -999.00000 -0.24451 -999.00000 0.03531 -0.06020 
 340  -999.00000 0.01614 -0.15013 -999.00000 -0.25429 -999.00000 0.01998 -0.06542 
 341  -999.00000 -0.00356 -0.15856 -0.24975 -0.24542 -0.24685 0.08507 -0.03464 
 342  -999.00000 -0.02518 -999.00000 -999.00000 -0.24100 -999.00000 0.06871 -0.03925 
 343  -999.00000 -0.06660 -0.13017 -999.00000 -0.24192 -999.00000 0.03567 -0.04840 
 344  -999.00000 -999.00000 -0.15105 -999.00000 -999.00000 -0.25390 0.02295 -999.00000 
 345  -999.00000 0.02944 -999.00000 -0.22066 -0.25240 -0.27225 0.00824 -0.02077 
 346  -999.00000 -0.02486 -0.18737 -999.00000 -0.25869 -999.00000 0.04377 -999.00000 
 347  -999.00000 -0.02629 -0.14112 -0.24290 -0.25359 -0.26397 0.09333 -0.01547 
 348  -999.00000 0.01210 -0.17469 -0.25704 -0.22825 -0.25926 0.08855 -0.02345 
 349  -999.00000 -0.01360 -0.15176 -999.00000 -0.25249 -999.00000 0.00228 -0.06919 
 350  -999.00000 -0.00018 -0.16257 -999.00000 -0.21914 -0.28372 0.09108 -0.05983 
 351  -999.00000 0.00233 -0.18695 -0.26020 -0.19122 -0.22785 0.06027 -0.02684 
 352  -999.00000 -0.00895 -999.00000 -999.00000 -0.24130 -0.27717 0.02795 -0.05365 
 353  -999.00000 -0.00188 -0.14024 -999.00000 -0.25604 -999.00000 0.08601 -0.05426 
 354  -999.00000 0.00963 -0.16527 -0.22832 -0.23806 -0.30945 0.11703 -0.03040 
 355  -999.00000 -0.02780 -0.18517 -0.21176 -0.22343 -0.27619 0.05449 -0.05161 
 356  -999.00000 -0.02817 -0.14946 -999.00000 -0.25484 -999.00000 0.07198 -0.08051 
 357  -999.00000 0.01659 -0.17960 -0.22479 -0.24677 -0.24098 0.03202 -0.03262 
 358  -999.00000 0.00952 -0.18590 -0.20079 -0.22938 -0.28825 -0.00898 -0.07538 
 359  -999.00000 -0.00926 -0.17174 -999.00000 -0.23062 -999.00000 0.05168 -999.00000 
 360  -999.00000 -0.01422 -0.19861 -999.00000 -0.22447 -0.24756 0.10633 -0.01832 
 361  -999.00000 0.02358 -0.16882 -0.22829 -0.23531 -0.25436 0.01916 -0.03884 
 362  -999.00000 -0.02182 -999.00000 -999.00000 -0.22153 -0.25491 0.03261 -0.05455 
 363  -999.00000 0.02512 -0.20212 -999.00000 -0.22200 -999.00000 0.04013 -999.00000 
 364  -999.00000 0.03402 -0.17057 -0.30050 -0.21416 -0.22588 0.07669 -0.04422 
 365  -999.00000 -0.03418 -0.15606 -0.22048 -0.23527 -0.28737 0.05546 -999.00000 
 366  -999.00000 0.02613 -0.17810 -999.00000 -0.22472 -999.00000 0.03228 0.01311 
 367  -999.00000 -0.00882 -0.16148 -0.26125 -0.23443 -0.28380 0.06283 -0.02867 
 368  -999.00000 -0.04377 -0.13678 -0.09020 -0.24255 -0.25918 -999.00000 -0.02742 
 369  -999.00000 -0.02391 -0.19667 -999.00000 -0.23122 -999.00000 0.12855 -0.03895 
 370  -999.00000 -0.00952 -0.21062 -999.00000 -0.18365 -0.26878 0.11468 -0.03606 
 371  -999.00000 -0.01975 -999.00000 -0.27218 -0.21354 -0.26402 0.04507 -0.06134 
 372  -999.00000 -0.02388 -0.19040 -999.00000 -0.22485 -999.00000 0.03919 -0.04765 
 373  -999.00000 -0.00438 -0.19227 -999.00000 -0.24202 -999.00000 0.00578 -0.02649 
 374  -999.00000 -0.01824 -0.22291 -0.13134 -0.23063 -0.28880 0.08180 -0.04722 
 375  -999.00000 0.05765 -999.00000 -999.00000 -999.00000 -999.00000 0.10476 -0.03695 
 376  -999.00000 0.05692 -0.19452 -999.00000 -0.24053 -999.00000 0.07134 -0.02167 
 377  -999.00000 0.01094 -0.18158 -999.00000 -0.21614 -0.27074 0.10413 -0.03735 
 378  -999.00000 -0.00030 -0.18722 -999.00000 -0.22749 -0.29674 0.09358 -0.03683 
 379  -999.00000 -0.00827 -0.18118 -999.00000 -0.25206 -999.00000 0.09192 -0.02681 
 380  -999.00000 -0.02125 -0.17095 -999.00000 -0.24535 -0.25210 -999.00000 -0.03612 
 381  -999.00000 -999.00000 -0.21618 -0.16832 -0.23408 -0.22913 0.00800 -0.06504 
 382  -999.00000 0.01001 -0.18481 -999.00000 -0.22392 -999.00000 0.03898 -0.02714 
 383  -999.00000 0.00618 -0.19268 -999.00000 -0.22128 -0.21162 0.04245 -0.08358 
 384  -999.00000 -0.03467 -0.24022 -999.00000 -0.21995 -0.24701 0.04028 -0.08666 
 385  -999.00000 -0.02332 -0.23885 -999.00000 -0.17479 -999.00000 0.14104 -0.04581 
 386  -999.00000 -999.00000 -999.00000 -999.00000 -999.00000 -0.26885 -999.00000 -999.00000 
 387  -999.00000 -0.04082 -0.20315 -999.00000 -999.00000 -0.27717 -0.15020 -0.02202 
 388  -999.00000 -0.00187 -0.18076 -999.00000 -0.25659 -0.24912 0.09808 -999.00000 
 389  -999.00000 -999.00000 -0.19742 -999.00000 -0.26468 -999.00000 0.09691 0.00996 
 390  -999.00000 0.02001 -0.22028 -999.00000 -0.26443 -0.26339 0.10671 -0.03628 
 391  -999.00000 0.02039 -0.22300 -999.00000 -0.24354 -0.23596 0.07262 -0.05296 
 392  -999.00000 0.03504 -999.00000 -999.00000 -0.18065 -999.00000 0.01063 -0.05849 
 393  -999.00000 0.00199 -0.18739 -999.00000 -0.23032 -0.23731 -0.03741 -999.00000 
 394  -999.00000 0.01736 -0.22276 -999.00000 -0.23419 -0.22099 0.03780 -0.03407 
 395  -999.00000 0.02177 -999.00000 -999.00000 -0.21832 -0.27459 0.07839 -0.02057 
 396  -999.00000 -0.00908 -0.20409 -999.00000 -0.22522 -999.00000 0.00960 -0.04144 
 397  -999.00000 0.00746 -0.19841 -999.00000 -0.21371 -0.28087 0.00125 -0.03472 
 398  -999.00000 0.03288 -0.19549 -999.00000 -0.14233 -0.30423 0.01603 -0.00812 
 399  -999.00000 -0.00797 -0.18390 -999.00000 -0.20671 -999.00000 0.08114 -0.05738 
 400  -999.00000 0.01024 -0.23936 -999.00000 -0.19725 -999.00000 -0.01506 -0.04348 
 401  -999.00000 0.01199 -0.21006 -999.00000 -0.20628 -0.24598 0.09646 -0.01766 
 402  -999.00000 -0.00600 -999.00000 -999.00000 -0.19992 -999.00000 0.00452 -0.04539 
 403  -999.00000 -0.00394 -0.19906 -999.00000 -0.19690 -0.28908 -0.00652 -0.02573 
 404  -999.00000 -0.00263 -0.18898 -999.00000 -0.19384 -0.23134 0.02260 -0.01203 
 405  -999.00000 -0.00764 -0.20315 -999.00000 -0.20448 -0.25926 0.02198 -0.02186 
 406  -999.00000 -0.00205 -0.20986 -999.00000 -0.22601 -999.00000 0.02837 -0.04049 
 407  -999.00000 0.02297 -0.21137 -999.00000 -0.20380 -0.27708 0.15147 -0.04211 
 408  -999.00000 -0.02300 -0.18760 -999.00000 -0.18924 -0.18681 0.02449 -0.02841 
 409  -999.00000 -0.02466 -0.20309 -999.00000 -0.20960 -999.00000 -0.01955 -0.07479 
 410  -999.00000 0.01995 -0.20119 -999.00000 -999.00000 -0.36471 0.10735 -0.01836 
 411  -999.00000 0.01774 -0.22969 -999.00000 -0.21895 -999.00000 -0.07869 -0.02752 
 412  -999.00000 0.00107 -0.20959 -999.00000 -0.20334 -999.00000 0.09256 -0.05106 
 413  -999.00000 0.03381 -0.22304 -999.00000 -0.21112 -0.31948 0.16505 -0.02992 
 414  -999.00000 0.02048 -0.22144 -999.00000 -0.10594 -0.23614 -0.03462 -0.01780 
 415  -999.00000 -0.01911 -999.00000 -999.00000 -0.21805 -999.00000 0.00825 -0.03770 
 416  -999.00000 0.01807 -0.24634 -999.00000 -0.19540 -999.00000 0.01364 -0.04606 
 417  -999.00000 -0.02065 -0.22331 -999.00000 -0.20520 -0.26933 -999.00000 -0.02393 
 418  -999.00000 -0.04697 -999.00000 -999.00000 -0.22422 -999.00000 -999.00000 -0.01128 
 419  -999.00000 0.01726 -0.19905 -999.00000 -0.23068 -999.00000 -999.00000 -0.01876 
 420  -999.00000 0.02036 -0.22019 -999.00000 -0.20380 -999.00000 -999.00000 -0.01263 
 421  -999.00000 0.00011 -0.20166 -999.00000 -0.24774 -999.00000 -999.00000 -0.06077 
 422  -999.00000 0.02874 -0.21929 -999.00000 -0.12491 -999.00000 -999.00000 -0.05042 
 423  -999.00000 -0.02862 -0.20022 -999.00000 -0.23834 -999.00000 -999.00000 0.03110 
 424  -999.00000 0.01118 -0.22628 -999.00000 -0.23209 -999.00000 -999.00000 -0.03099 
 425  -999.00000 0.03271 -999.00000 -999.00000 -0.21010 -999.00000 -999.00000 -0.04723 
 426  -999.00000 0.01400 -0.20444 -999.00000 -0.20873 -999.00000 -999.00000 -0.02216 
 427  -999.00000 -0.03188 -0.21899 -999.00000 -0.24944 -999.00000 -999.00000 -0.01622 
 428  -999.00000 0.01114 -0.22395 -999.00000 -0.24901 -999.00000 -999.00000 -0.05817 
 429  -999.00000 -0.01241 -0.22619 -999.00000 -0.23221 -999.00000 -999.00000 0.03327 
 430  -999.00000 -0.02168 -0.24578 -999.00000 -999.00000 -999.00000 -999.00000 -0.05423 
 431  -999.00000 -0.02172 -0.21949 -999.00000 -0.23556 -999.00000 -999.00000 -0.01385 
 432  -999.00000 -0.00595 -999.00000 -999.00000 -0.25192 -999.00000 -999.00000 -0.04775 
 433  -999.00000 -0.00717 -0.24764 -999.00000 -999.00000 -999.00000 -999.00000 -0.02933 
 434  -999.00000 -0.02439 -0.20733 -999.00000 -0.19904 -999.00000 -999.00000 -0.06370 
 435  -999.00000 0.00844 -0.23109 -999.00000 -0.21623 -999.00000 -999.00000 -0.04142 
 436  -999.00000 -0.04003 -0.22401 -999.00000 -0.23785 -999.00000 -999.00000 -0.00604 
 437  -999.00000 -0.00219 -0.22429 -999.00000 -0.23679 -999.00000 -999.00000 -0.04582 
 438  -999.00000 0.02969 -0.24882 -999.00000 -0.21735 -999.00000 -999.00000 -0.06960 
 439  -999.00000 0.07341 -0.22761 -999.00000 -0.24459 -999.00000 -999.00000 -0.12374 
 440  -999.00000 0.04115 -0.22915 -999.00000 -0.21166 -999.00000 -999.00000 -0.03318 
 441  -999.00000 0.00330 -0.23468 -999.00000 -0.22621 -999.00000 -999.00000 0.05100 
 442  -999.00000 0.02106 -0.23793 -999.00000 -0.25774 -999.00000 -999.00000 -0.01236 
 443  -999.00000 -0.00448 -0.22325 -999.00000 -0.23919 -999.00000 -999.00000 -999.00000 
 444  -999.00000 0.03573 -0.25085 -999.00000 -0.22735 -999.00000 -999.00000 0.03750 
 445  -999.00000 0.02044 -0.26615 -999.00000 -0.25416 -999.00000 -999.00000 -0.09048 
 446  -999.00000 -0.01128 -0.22634 -999.00000 -0.22529 -999.00000 -999.00000 -999.00000 
 447  -999.00000 0.00575 -0.24186 -999.00000 -0.27022 -999.00000 -999.00000 -999.00000 
 448  -999.00000 -0.04238 -999.00000 -999.00000 -0.24837 -999.00000 -999.00000 0.05333 
 449  -999.00000 -999.00000 -999.00000 -999.00000 -999.00000 -999.00000 -999.00000 -999.00000 
 450  -999.00000 -999.00000 -0.24970 -999.00000 -999.00000 -999.00000 -999.00000 -999.00000 
 451  -999.00000 -999.00000 -999.00000 -999.00000 -999.00000 -999.00000 -999.00000 -999.00000 
 452  -999.00000 -999.00000 -999.00000 -999.00000 -0.22311 -999.00000 -999.00000 -999.00000 
 453  -999.00000 0.05831 -0.24905 -999.00000 -0.25598 -999.00000 -999.00000 -999.00000 
 454  -999.00000 0.03247 -0.23797 -999.00000 -0.25056 -999.00000 -999.00000 -999.00000 
 455  -999.00000 0.02476 -0.22845 -999.00000 -0.24279 -999.00000 -999.00000 -999.00000 
 456  -999.00000 -0.00251 -0.24579 -999.00000 -0.25439 -999.00000 -999.00000 -999.00000 
 457  -999.00000 0.02639 -0.26041 -999.00000 -0.22712 -999.00000 -999.00000 -999.00000 
 458  -999.00000 -0.00608 -0.24884 -999.00000 -0.24347 -999.00000 -999.00000 -999.00000 
 459  -999.00000 -0.03212 -0.25376 -999.00000 -0.25853 -999.00000 -999.00000 -999.00000 
 460  -999.00000 0.00191 -0.22527 -999.00000 -0.23979 -999.00000 -999.00000 -999.00000 
 461  -999.00000 -0.00380 -0.23515 -999.00000 -0.26142 -999.00000 -999.00000 -999.00000 
 462  -999.00000 -0.01262 -0.27504 -999.00000 -0.23610 -999.00000 -999.00000 -999.00000 
 463  -999.00000 -0.00106 -0.25974 -999.00000 -0.24731 -999.00000 -999.00000 -999.00000 
 464  -999.00000 -999.00000 -0.24699 -999.00000 -999.00000 -999.00000 -999.00000 -999.00000 
 465  -999.00000 -0.00465 -999.00000 -999.00000 -999.00000 -999.00000 -999.00000 -999.00000 
 466  -999.00000 0.01643 -0.24728 -999.00000 -0.21952 -999.00000 -999.00000 -999.00000 
 467  -999.00000 0.00949 -0.24179 -999.00000 -999.00000 -999.00000 -999.00000 -999.00000 
 468  -999.00000 -999.00000 -0.24621 -999.00000 -999.00000 -999.00000 -999.00000 -999.00000 
 469  -999.00000 0.03704 -999.00000 -999.00000 -0.27898 -999.00000 -999.00000 -999.00000 
 470  -999.00000 0.03539 -0.23352 -999.00000 -0.20419 -999.00000 -999.00000 -999.00000 
 471  -999.00000 -0.01155 -0.25805 -999.00000 -0.21023 -999.00000 -999.00000 -999.00000 
 472  -999.00000 -0.01677 -999.00000 -999.00000 -0.23860 -999.00000 -999.00000 -999.00000 
 473  -999.00000 0.00434 -0.27005 -999.00000 -0.22705 -999.00000 -999.00000 -999.00000 
 474  -999.00000 -0.01257 -0.24786 -999.00000 -0.27163 -999.00000 -999.00000 -999.00000 
 475  -999.00000 -999.00000 -0.21948 -999.00000 -0.22416 -999.00000 -999.00000 -999.00000 
 476  -999.00000 0.01400 -0.24598 -999.00000 -0.25376 -999.00000 -999.00000 -999.00000 
 477  -999.00000 -0.01412 -0.24134 -999.00000 -999.00000 -999.00000 -999.00000 -999.00000 
 478  -999.00000 -999.00000 -0.22475 -999.00000 -999.00000 -999.00000 -999.00000 -999.00000 
 479  -999.00000 -999.00000 -0.27002 -999.00000 -999.00000 -999.00000 -999.00000 -999.00000 
 480  -999.00000 0.00070 -0.23027 -999.00000 -999.00000 -999.00000 -999.00000 -999.00000 
 481  -999.00000 0.01105 -0.24164 -999.00000 -999.00000 -999.00000 -999.00000 -999.00000 
 482  -999.00000 -999.00000 -999.00000 -999.00000 -999.00000 -999.00000 -999.00000 -999.00000 
 483  -999.00000 0.01577 -0.20206 -999.00000 -999.00000 -999.00000 -999.00000 -999.00000 
 484  -999.00000 0.00000 -0.20675 -999.00000 -999.00000 -999.00000 -999.00000 -999.00000 
 485  -999.00000 0.03578 -999.00000 -999.00000 -999.00000 -999.00000 -999.00000 -999.00000 
 486  -999.00000 0.00760 -0.23597 -999.00000 -999.00000 -999.00000 -999.00000 -999.00000 
 487  -999.00000 0.00832 -0.24835 -999.00000 -999.00000 -999.00000 -999.00000 -999.00000 
 488  -999.00000 0.02477 -0.21038 -999.00000 -999.00000 -999.00000 -999.00000 -999.00000 
 489  -999.00000 0.01505 -0.23387 -999.00000 -999.00000 -999.00000 -999.00000 -999.00000 
 490  -999.00000 0.02090 -999.00000 -999.00000 -999.00000 -999.00000 -999.00000 -999.00000 
 491  -999.00000 0.01912 -0.24231 -999.00000 -999.00000 -999.00000 -999.00000 -999.00000 
 492  -999.00000 0.01697 -0.23856 -999.00000 -999.00000 -999.00000 -999.00000 -999.00000 
 493  -999.00000 -0.03415 -0.23543 -999.00000 -999.00000 -999.00000 -999.00000 -999.00000 
 494  -999.00000 -999.00000 -0.25852 -999.00000 -999.00000 -999.00000 -999.00000 -999.00000 
 495  -999.00000 0.03269 -999.00000 -999.00000 -999.00000 -999.00000 -999.00000 -999.00000 
 496  -999.00000 -999.00000 -0.24486 -999.00000 -999.00000 -999.00000 -999.00000 -999.00000 
 497  -999.00000 -0.01180 -0.23664 -999.00000 -999.00000 -999.00000 -999.00000 -999.00000 
 498  -999.00000 0.01260 -999.00000 -999.00000 -999.00000 -999.00000 -999.00000 -999.00000 
 499  -999.00000 -0.01711 -999.00000 -999.00000 -999.00000 -999.00000 -999.00000 -999.00000 
 500  -999.00000 -999.00000 -0.23539 -999.00000 -999.00000 -999.00000 -999.00000 -999.00000 
 501  -999.00000 0.03034 -999.00000 -999.00000 -999.00000 -999.00000 -999.00000 -999.00000 
 502  -999.00000 0.00395 -999.00000 -999.00000 -999.00000 -999.00000 -999.00000 -999.00000 
 503  -999.00000 -0.02492 -0.22847 -999.00000 -999.00000 -999.00000 -999.00000 -999.00000 
 504  -999.00000 0.01138 -999.00000 -999.00000 -999.00000 -999.00000 -999.00000 -999.00000 
 505  -999.00000 0.00050 -0.22772 -999.00000 -999.00000 -999.00000 -999.00000 -999.00000 
 506  -999.00000 0.00056 -0.24756 -999.00000 -999.00000 -999.00000 -999.00000 -999.00000 
 507  -999.00000 0.03595 -0.23512 -999.00000 -999.00000 -999.00000 -999.00000 -999.00000 
 508  -999.00000 0.01468 -999.00000 -999.00000 -999.00000 -999.00000 -999.00000 -999.00000 
 509  -999.00000 -0.05107 -0.24021 -999.00000 -999.00000 -999.00000 -999.00000 -999.00000 
 510  -999.00000 -0.06412 -0.22755 -999.00000 -999.00000 -999.00000 -999.00000 -999.00000 
 511  -999.00000 -0.15808 -999.00000 -999.00000 -999.00000 -999.00000 -999.00000 -999.00000 
 512  -999.00000 -0.16114 -999.00000 -999.00000 -999.00000 -999.00000 -999.00000 -999.00000 
