 1  -999.00000 -999.00000 -999.00000 -999.00000 -999.00000 -999.00000 -999.00000 -999.00000 
 2  0.00679 -999.00000 -999.00000 -999.00000 -999.00000 -999.00000 -0.00000 -999.00000 
 3  0.00689 -999.00000 -999.00000 -0.00000 -999.00000 -999.00000 -0.00000 -999.00000 
 4  0.00627 -999.00000 -999.00000 -999.00000 -999.00000 -999.00000 -999.00000 -0.00000 
 5  -999.00000 -999.00000 -0.00000 -999.00000 -999.00000 -999.00000 -999.00000 -999.00000 
 6  0.00007 -999.00000 -999.00000 -999.00000 -999.00000 -999.00000 -999.00000 -999.00000 
 7  0.00201 -999.00000 -999.00000 -999.00000 -999.00000 -999.00000 -999.00000 -999.00000 
 8  0.00033 -999.00000 -999.00000 -999.00000 -999.00000 -999.00000 -0.00000 -0.00000 
 9  -0.00966 -0.00000 -999.00000 -999.00000 -999.00000 -999.00000 -0.00000 -999.00000 
 10  0.00649 -0.00000 -999.00000 -999.00000 -999.00000 -999.00000 -0.00000 -999.00000 
 11  -999.00000 -999.00000 -999.00000 -0.00000 -999.00000 -999.00000 -0.00000 -999.00000 
 12  -999.00000 -999.00000 -999.00000 0.00290 -999.00000 -0.00000 -0.00000 -999.00000 
 13  0.00088 -999.00000 -999.00000 0.00000 -999.00000 -0.00000 -0.00000 -999.00000 
 14  -0.00085 -999.00000 -999.00000 -999.00000 -999.00000 -999.00000 -999.00000 -999.00000 
 15  -999.00000 -999.00000 -0.00000 -0.00215 -999.00000 -999.00000 -999.00000 -0.00000 
 16  0.00705 -999.00000 -999.00000 -0.01143 -999.00000 -999.00000 -999.00000 -999.00000 
 17  0.00247 -999.00000 -999.00000 -999.00000 -0.00000 -999.00000 -999.00000 -999.00000 
 18  -0.00432 -999.00000 -999.00000 -999.00000 -999.00000 -999.00000 -999.00000 -0.00000 
 19  0.00312 -999.00000 -999.00000 -0.00204 -0.00000 -999.00000 -999.00000 -0.00000 
 20  -0.00036 -999.00000 -999.00000 0.00361 -0.00000 -999.00000 -0.00000 -0.00000 
 21  0.01530 -999.00000 -999.00000 -999.00000 -999.00000 -999.00000 -999.00000 -0.00000 
 22  -0.00628 -999.00000 -999.00000 0.00026 -999.00000 -0.00000 -999.00000 -999.00000 
 23  0.00111 -999.00000 -999.00000 -0.00213 -999.00000 -999.00000 -999.00000 -0.00000 
 24  0.00160 -999.00000 -999.00000 -999.00000 -999.00000 -999.00000 -999.00000 -0.00000 
 25  0.00099 -999.00000 -999.00000 -999.00000 -999.00000 -0.00000 -999.00000 -999.00000 
 26  -999.00000 -999.00000 -999.00000 -0.00171 -0.00000 -999.00000 -0.00000 -999.00000 
 27  -0.01127 -999.00000 -999.00000 -999.00000 -999.00000 -0.00000 -0.00000 -999.00000 
 28  0.01031 -999.00000 -999.00000 -999.00000 -0.00000 -999.00000 -999.00000 -999.00000 
 29  -0.00135 -999.00000 -999.00000 -0.00000 -999.00000 -999.00000 -999.00000 -999.00000 
 30  -0.00475 -999.00000 -999.00000 -0.00102 -999.00000 -0.00000 -999.00000 -0.00000 
 31  0.00006 -999.00000 -999.00000 -999.00000 -999.00000 -0.00000 -999.00000 -0.00000 
 32  -999.00000 -999.00000 -999.00000 -999.00000 -999.00000 -0.00000 -0.00000 -999.00000 
 33  0.00464 -999.00000 -999.00000 0.00588 -0.00000 -999.00000 -0.00000 -0.00000 
 34  -0.00483 -999.00000 -999.00000 -999.00000 -999.00000 -0.00000 -0.00000 -0.00000 
 35  -0.00264 -0.00000 -999.00000 -999.00000 -999.00000 -0.00000 -0.00000 -999.00000 
 36  0.00138 -999.00000 -999.00000 0.00262 -999.00000 -0.00000 -999.00000 -0.00000 
 37  -0.00196 -999.00000 -999.00000 -0.00313 -0.00000 -0.00000 -0.00000 -0.00000 
 38  -999.00000 -999.00000 -999.00000 -999.00000 -0.00000 -999.00000 -0.00000 -0.00000 
 39  -0.00221 -999.00000 -999.00000 -0.00022 -0.00000 -999.00000 -0.00000 -0.00000 
 40  0.00962 -999.00000 -999.00000 -0.00000 -0.00000 -999.00000 -999.00000 -0.00000 
 41  0.00692 -999.00000 -999.00000 -0.00000 -999.00000 -999.00000 -999.00000 -0.00000 
 42  -0.00227 -999.00000 -999.00000 -999.00000 -999.00000 -0.00000 -999.00000 -0.00000 
 43  0.00389 -999.00000 -999.00000 0.00056 -999.00000 -999.00000 -0.00000 -999.00000 
 44  0.00092 -999.00000 -999.00000 0.00303 0.06667 -999.00000 -999.00000 -0.00000 
 45  -0.00270 -999.00000 -999.00000 -999.00000 -999.00000 -999.00000 -0.00000 -0.00000 
 46  -0.00068 -999.00000 -999.00000 -0.00016 -999.00000 -999.00000 -0.00000 -999.00000 
 47  -0.00468 -999.00000 -999.00000 -999.00000 -999.00000 -999.00000 -999.00000 -999.00000 
 48  -0.00066 -999.00000 -999.00000 -999.00000 -999.00000 -999.00000 -999.00000 -999.00000 
 49  0.00048 -0.00000 -999.00000 -0.00284 -999.00000 -0.00000 -999.00000 -999.00000 
 50  -0.00379 -0.00000 -999.00000 -0.00836 -999.00000 -999.00000 -999.00000 -0.00000 
 51  0.00083 -0.00000 -999.00000 -999.00000 -999.00000 -999.00000 -999.00000 -999.00000 
 52  -0.00107 -999.00000 -999.00000 -999.00000 -999.00000 -999.00000 -999.00000 -999.00000 
 53  0.00047 -999.00000 -999.00000 -0.00533 -999.00000 -999.00000 -999.00000 -999.00000 
 54  -0.00036 -999.00000 -999.00000 -0.00753 -999.00000 -0.00308 -999.00000 -999.00000 
 55  -999.00000 -999.00000 -999.00000 0.00357 -999.00000 -999.00000 -999.00000 -999.00000 
 56  -0.00259 -999.00000 -999.00000 -0.01569 -999.00000 -0.00588 -999.00000 -999.00000 
 57  -0.00033 -999.00000 -999.00000 -0.00345 -999.00000 -0.00000 0.01702 -999.00000 
 58  -999.00000 -999.00000 -999.00000 -0.00260 -999.00000 -999.00000 -0.00282 -999.00000 
 59  -0.00409 -999.00000 -999.00000 -999.00000 -999.00000 0.00160 0.00455 -999.00000 
 60  -0.00210 -999.00000 -999.00000 -0.00836 -999.00000 -0.00000 -0.00333 -999.00000 
 61  0.00100 -999.00000 -999.00000 -999.00000 -999.00000 -0.00000 0.00135 -999.00000 
 62  0.00411 -999.00000 -999.00000 -999.00000 -999.00000 -0.00398 -0.00585 -999.00000 
 63  -999.00000 -999.00000 -999.00000 -0.00032 -999.00000 0.00091 -0.00000 -999.00000 
 64  0.00140 -999.00000 -999.00000 -999.00000 -999.00000 -0.00075 0.00331 -999.00000 
 65  -999.00000 -999.00000 -999.00000 -999.00000 -999.00000 -0.00295 0.00192 -999.00000 
 66  -999.00000 -999.00000 -999.00000 -999.00000 -999.00000 -0.00176 -999.00000 -999.00000 
 67  -999.00000 -999.00000 -999.00000 -0.00091 -999.00000 -0.00164 -0.00000 -999.00000 
 68  -999.00000 -999.00000 -999.00000 -999.00000 -999.00000 0.00104 0.00114 -999.00000 
 69  0.00037 -999.00000 -999.00000 -999.00000 -0.00000 -0.00656 -0.00143 -999.00000 
 70  -0.00752 -999.00000 -999.00000 -0.00000 -0.00000 0.00044 -0.00583 -999.00000 
 71  0.00370 -999.00000 0.10000 -999.00000 -999.00000 0.00209 -0.00217 -999.00000 
 72  0.00071 -999.00000 -0.00000 -999.00000 -999.00000 0.00209 0.00037 -999.00000 
 73  0.00637 -999.00000 -999.00000 0.00144 -999.00000 0.00042 -0.00367 -999.00000 
 74  -0.00267 -999.00000 -999.00000 -999.00000 -999.00000 -0.00119 0.00493 -999.00000 
 75  -0.00523 -999.00000 -999.00000 -999.00000 -999.00000 -0.00070 -0.00258 -999.00000 
 76  -0.00017 -999.00000 -999.00000 -999.00000 -999.00000 0.00184 -0.00732 -999.00000 
 77  0.00514 -999.00000 -999.00000 0.00011 -999.00000 0.00217 -0.00241 -999.00000 
 78  0.00552 -999.00000 -999.00000 -999.00000 -999.00000 0.00171 -0.00168 -999.00000 
 79  0.00035 -999.00000 -999.00000 -999.00000 -999.00000 -0.00199 -0.00053 -999.00000 
 80  -0.00897 -999.00000 -999.00000 -0.00108 -999.00000 0.00338 0.00027 -999.00000 
 81  -0.00022 -999.00000 -999.00000 -999.00000 -999.00000 0.00085 0.00164 -999.00000 
 82  -0.03070 -999.00000 -999.00000 -999.00000 -999.00000 -0.00415 -0.00195 -999.00000 
 83  0.00543 -999.00000 -999.00000 0.00035 -999.00000 0.00064 0.00161 -999.00000 
 84  -0.00876 -999.00000 -999.00000 -0.00041 -999.00000 0.00052 -0.00125 -999.00000 
 85  -0.00432 -999.00000 -999.00000 -999.00000 -999.00000 0.00064 0.00000 -999.00000 
 86  -0.03641 -999.00000 -999.00000 -999.00000 -999.00000 0.00024 -0.00042 -999.00000 
 87  -0.00601 -999.00000 -999.00000 -0.00025 -999.00000 0.00340 -0.02282 -999.00000 
 88  -0.00067 -999.00000 -999.00000 -999.00000 -999.00000 -0.00086 -0.00683 -0.00000 
 89  -0.00245 -999.00000 -999.00000 -999.00000 -999.00000 0.00065 0.00780 0.00667 
 90  -0.08101 -999.00000 -999.00000 0.00072 -999.00000 -0.00329 0.04623 0.01127 
 91  -0.00095 -999.00000 -999.00000 -999.00000 -999.00000 0.05826 -0.00581 -0.00225 
 92  0.00798 -999.00000 -999.00000 -999.00000 -999.00000 0.00060 0.00275 0.00444 
 93  -0.00115 -999.00000 -999.00000 -999.00000 -999.00000 0.01176 -0.00000 -999.00000 
 94  -999.00000 -999.00000 -999.00000 -0.00426 -999.00000 -0.00386 0.01720 -0.00000 
 95  -0.00395 -999.00000 -999.00000 -999.00000 -999.00000 -0.00068 0.00162 -0.00000 
 96  -0.00284 -999.00000 -999.00000 -999.00000 -999.00000 0.00371 -0.00977 -0.00308 
 97  -0.00265 -999.00000 -999.00000 -0.00031 -999.00000 -0.00181 0.00273 -999.00000 
 98  0.00547 -999.00000 -999.00000 -999.00000 -999.00000 0.00142 0.00000 0.00217 
 99  0.00066 -999.00000 -999.00000 -999.00000 -999.00000 -0.00064 0.00126 -0.00513 
 100  0.00056 -999.00000 -999.00000 -0.02816 -999.00000 -0.00258 -0.00116 -999.00000 
 101  0.00176 -999.00000 -999.00000 -999.00000 -999.00000 0.00089 0.00303 0.00000 
 102  0.00650 -999.00000 -999.00000 -999.00000 -999.00000 -0.00000 0.00261 -0.00833 
 103  0.00036 -999.00000 -999.00000 -999.00000 -999.00000 0.00177 0.02058 -0.00150 
 104  0.00567 -999.00000 -999.00000 -0.00033 -999.00000 -0.00160 -0.01277 0.00247 
 105  -999.00000 -999.00000 -999.00000 -999.00000 -999.00000 -0.00187 0.00065 -0.00339 
 106  -0.00839 -999.00000 -999.00000 -999.00000 -999.00000 -0.00150 -0.00195 0.00208 
 107  -0.01833 -999.00000 -999.00000 -0.00710 -999.00000 -0.00000 0.00250 0.00100 
 108  -0.01241 -999.00000 -999.00000 -999.00000 -999.00000 -999.00000 0.00408 0.00199 
 109  -0.00636 -999.00000 -999.00000 -999.00000 -999.00000 -0.00525 0.00141 -999.00000 
 110  -0.00034 -999.00000 -999.00000 -999.00000 -999.00000 0.00285 0.00124 -0.00196 
 111  -0.01041 -999.00000 -999.00000 -0.00071 -999.00000 0.00059 0.00376 0.01117 
 112  0.01244 -0.00000 -999.00000 -999.00000 -999.00000 0.00041 0.00790 -0.00000 
 113  -0.00957 -0.00000 -999.00000 -999.00000 -999.00000 -0.00771 0.01112 -0.02634 
 114  0.01585 -0.00000 -999.00000 0.01703 -999.00000 -0.00155 0.00230 -0.00152 
 115  0.00093 -999.00000 -999.00000 -999.00000 0.00312 0.02495 -0.00010 0.00658 
 116  0.00092 -999.00000 -999.00000 -0.00000 -999.00000 0.00020 0.00042 0.00667 
 117  -0.00028 -999.00000 -999.00000 -0.00029 -999.00000 0.00625 -0.00388 0.01000 
 118  0.00103 -999.00000 -999.00000 -999.00000 -999.00000 -999.00000 0.00264 0.00791 
 119  0.00061 -999.00000 -999.00000 -999.00000 -999.00000 -0.00092 0.00063 0.00083 
 120  0.00000 -999.00000 -999.00000 -999.00000 -0.00000 0.00188 -0.00154 -0.00193 
 121  -0.00000 -999.00000 -999.00000 0.00043 0.00227 -0.00000 0.00270 0.00240 
 122  0.00000 -999.00000 -999.00000 -999.00000 0.00000 -0.00079 -0.00131 0.01502 
 123  0.00660 -999.00000 -0.00000 -999.00000 0.00182 -0.00059 0.00290 -0.00807 
 124  -0.00499 -999.00000 -999.00000 0.03396 -0.00992 -0.00039 0.00088 -0.00062 
 125  0.00074 -999.00000 -999.00000 -999.00000 -0.00000 0.00092 -0.00019 -0.00393 
 126  0.00191 -999.00000 -999.00000 -999.00000 -0.00000 -0.00046 0.00025 -0.00299 
 127  -999.00000 -999.00000 -999.00000 0.00008 -0.00375 -0.00013 0.00009 0.00065 
 128  -999.00000 -999.00000 -999.00000 0.00177 -999.00000 0.00063 0.00304 0.00118 
 129  -999.00000 -999.00000 -999.00000 -0.00000 0.03133 -999.00000 0.00135 -999.00000 
 130  -999.00000 -999.00000 -999.00000 0.00021 -0.00479 0.00105 0.00308 -999.00000 
 131  -0.00026 -999.00000 -999.00000 0.00088 -999.00000 -999.00000 -0.00000 -999.00000 
 132  -0.00012 -999.00000 -999.00000 -999.00000 -0.00215 -0.00103 0.00119 -999.00000 
 133  -0.00485 -999.00000 -999.00000 -0.00000 -999.00000 -0.00273 -0.00141 0.00043 
 134  -999.00000 -999.00000 -999.00000 0.00566 -999.00000 -0.04691 0.00420 -0.00477 
 135  0.00749 -999.00000 -999.00000 -999.00000 -999.00000 -0.00039 0.00221 0.00050 
 136  -0.00090 -999.00000 -999.00000 -0.00000 -0.00566 -0.00073 0.00025 -999.00000 
 137  0.00344 -999.00000 -999.00000 0.00412 -0.01231 -0.00023 0.00150 0.00952 
 138  -0.00011 -999.00000 -999.00000 -0.00233 -999.00000 -0.00373 0.00566 -0.00114 
 139  -0.48436 -999.00000 -999.00000 -999.00000 -999.00000 0.00037 0.00154 -0.00188 
 140  -0.00448 -999.00000 -999.00000 -999.00000 0.00171 -0.00080 0.00016 0.00324 
 141  -0.00232 -999.00000 -999.00000 0.00287 0.02465 0.00053 0.01911 0.00721 
 142  0.00042 -999.00000 -999.00000 -999.00000 0.00504 0.00092 -0.00154 -0.00047 
 143  -0.00390 -999.00000 -999.00000 -0.00000 0.00167 -0.00032 0.00035 0.01000 
 144  -0.00251 -999.00000 -999.00000 -0.00771 -0.00317 -0.00710 -0.00615 -0.01020 
 145  -0.00065 -999.00000 -999.00000 -999.00000 0.00077 -0.00066 0.00132 0.00217 
 146  0.00241 -999.00000 -999.00000 -999.00000 0.00775 -999.00000 0.00154 -0.00216 
 147  -0.00313 -999.00000 -999.00000 -0.00285 -0.00803 -0.00159 0.00595 -0.00086 
 148  0.00056 -999.00000 -999.00000 -0.00104 -999.00000 -999.00000 -0.00102 0.00040 
 149  -0.03604 -0.00000 -999.00000 -999.00000 -0.00930 -0.00000 -0.00089 -0.00111 
 150  0.00720 -999.00000 -999.00000 -0.00236 -0.02431 -0.00040 0.00058 0.00037 
 151  -0.00027 -999.00000 -999.00000 -0.00145 0.00875 0.00327 -0.00017 0.00261 
 152  0.00925 -0.00000 -999.00000 -999.00000 0.00061 0.00013 -0.00030 -0.00263 
 153  0.00439 -0.00455 -999.00000 -999.00000 -0.00233 0.00264 0.00167 -0.00089 
 154  0.00142 -999.00000 -999.00000 -0.00213 0.02725 0.00459 -0.00267 -0.00389 
 155  -0.00401 0.00286 -999.00000 -999.00000 0.01333 0.00835 0.00123 -0.00000 
 156  0.00073 -999.00000 -999.00000 -999.00000 0.00545 0.00173 0.00985 -0.00315 
 157  -0.00394 -999.00000 -999.00000 0.00452 0.01834 -0.00541 0.00081 0.00285 
 158  0.00254 0.01163 -999.00000 0.00605 -0.00000 -999.00000 0.00015 0.00137 
 159  0.00016 -0.00556 -999.00000 -999.00000 -0.02019 -0.00032 0.00262 0.00562 
 160  -999.00000 -0.01087 -999.00000 -999.00000 0.01220 0.00780 0.00723 -0.00174 
 161  0.00345 -0.01124 -999.00000 0.00875 -0.00268 0.01531 0.00383 0.00157 
 162  -0.02212 -999.00000 -999.00000 -999.00000 0.01556 0.00055 0.00317 0.00060 
 163  -0.00680 0.00000 -999.00000 -999.00000 0.00744 0.00129 0.00137 0.00030 
 164  -0.00625 -0.00168 -999.00000 0.00748 0.00466 -0.00534 -0.00182 -0.00385 
 165  0.01014 -0.00000 -999.00000 -999.00000 0.00743 0.00352 -0.00172 -0.00000 
 166  0.01889 0.00182 -999.00000 -0.00000 -0.00411 -999.00000 0.00015 -0.00881 
 167  0.04072 -0.01034 -999.00000 0.00165 -0.00817 -0.00698 0.00368 0.00306 
 168  -0.00223 -0.00137 -999.00000 -0.00069 0.01103 -999.00000 0.00289 -0.00000 
 169  -999.00000 -0.00000 -999.00000 -999.00000 0.00885 -0.00151 0.00008 0.00448 
 170  -0.48510 0.00497 -999.00000 0.00000 -0.00821 -0.00063 -0.00534 0.00220 
 171  0.01334 -0.00562 -999.00000 0.00041 -0.00128 -0.00000 -0.00097 -0.00056 
 172  -0.00165 0.00000 -999.00000 -999.00000 0.00252 -0.00565 -0.00733 -0.00360 
 173  -0.00719 0.00108 -999.00000 -0.00000 0.02047 -0.00193 -999.00000 0.00062 
 174  -0.00466 -999.00000 -999.00000 -0.00260 0.02222 -0.00426 0.00638 -0.00057 
 175  -0.00169 -0.00563 -999.00000 -999.00000 0.00435 -0.00077 0.00058 0.00627 
 176  0.00182 0.00734 -999.00000 -999.00000 0.00099 -0.01515 0.00132 -0.00505 
 177  0.00213 0.00109 -999.00000 -0.00220 -0.00163 -0.00106 0.00069 -0.00080 
 178  -0.00176 -0.00000 -999.00000 0.00000 -0.00042 -0.00653 0.00609 -0.00080 
 179  0.01009 -0.00345 -999.00000 -999.00000 0.00558 -0.00197 0.00136 0.00207 
 180  -0.01836 0.00082 -999.00000 -999.00000 0.00242 -0.00723 0.00269 0.00056 
 181  -0.00810 0.00361 -999.00000 -0.00987 -0.01320 -999.00000 0.00269 -0.00131 
 182  0.00039 -0.00176 -999.00000 -999.00000 -0.00101 0.00035 0.00049 -0.00281 
 183  -0.01750 -0.00185 -999.00000 -999.00000 -0.00076 0.00015 0.00843 0.00407 
 184  -999.00000 0.00095 -999.00000 0.00101 0.00081 -0.00174 -0.00062 -0.00105 
 185  -0.00013 -0.00000 -999.00000 0.00029 0.01970 -0.00318 -0.00252 0.00111 
 186  -0.00653 0.00844 -999.00000 -999.00000 0.00231 -0.00291 0.00185 -0.00131 
 187  -999.00000 -999.00000 -999.00000 -0.00000 -0.00181 0.00213 0.00580 0.00070 
 188  0.00063 -0.00180 -999.00000 -0.00286 -0.00037 -0.00000 -0.00073 -999.00000 
 189  -0.00379 -0.00269 -999.00000 -999.00000 -0.00061 -0.00107 -0.00162 -0.00321 
 190  0.00249 0.00337 -999.00000 -999.00000 0.00032 -0.00176 -0.03560 0.00045 
 191  -999.00000 -0.00000 -999.00000 -0.00022 0.00879 -0.00027 -0.00020 -0.00046 
 192  -999.00000 -999.00000 -999.00000 -999.00000 0.00067 0.00117 -0.00008 -0.00140 
 193  -999.00000 -999.00000 -999.00000 -0.00000 -0.00365 -0.00167 -0.00036 -999.00000 
 194  -999.00000 -999.00000 0.00789 -0.00064 0.00118 -999.00000 0.00434 0.00384 
 195  0.00192 -999.00000 -0.00976 0.00018 -0.00423 -0.00128 0.00242 -999.00000 
 196  -0.00000 -999.00000 -0.00401 -999.00000 0.00156 -0.00050 0.00037 0.00204 
 197  -999.00000 0.00143 0.00098 0.00022 -0.00531 -0.00115 -0.00180 -0.00668 
 198  -0.00154 -0.00524 -0.00000 -999.00000 -0.00000 -999.00000 0.00008 -0.00185 
 199  -0.00614 -0.00291 -0.00613 -999.00000 0.00153 -0.00181 -0.00215 -0.00181 
 200  -0.00097 0.01176 0.00387 -999.00000 0.01689 0.00000 -0.00030 0.00217 
 201  -0.00023 0.00087 0.00196 -0.00107 -0.00164 0.00191 0.00017 0.00040 
 202  0.00023 0.00289 0.00852 -999.00000 -0.00383 0.00270 0.00422 -0.00370 
 203  0.00170 -0.00227 -0.00152 -0.00000 -0.00000 -0.00186 -0.00068 -0.00530 
 204  -0.00038 -0.00069 -0.00194 -0.00321 -0.00274 0.00590 0.00096 0.00223 
 205  0.00641 -0.00067 0.01132 -0.00161 -0.00249 -999.00000 0.00064 0.00129 
 206  -0.00135 -0.01713 0.00136 -999.00000 -0.00981 -0.00399 0.00134 0.00037 
 207  0.00079 -0.00483 -0.00000 -999.00000 0.00297 -0.00483 0.01879 0.00054 
 208  0.00217 0.00000 0.00254 0.00258 0.00210 -0.00197 -999.00000 0.00139 
 209  0.00524 0.00242 0.00391 -999.00000 0.00627 -0.01106 0.00346 -0.00351 
 210  0.00382 -0.00170 0.05429 -999.00000 0.00096 0.00125 0.00128 -0.00094 
 211  0.00330 -0.00309 0.01827 0.00557 -0.00000 0.00012 -0.00076 -0.00386 
 212  -0.00320 0.00364 -0.00163 0.01629 -0.00334 -999.00000 -999.00000 0.00101 
 213  0.00076 0.00118 0.00386 -999.00000 -0.00055 -0.00845 0.00266 -0.00020 
 214  0.00333 0.00108 0.00260 -0.00000 -0.00000 -0.00399 0.00059 0.00103 
 215  0.00134 0.00062 -0.00915 0.00112 -0.00062 -999.00000 0.00848 -0.00063 
 216  0.00050 -0.00000 -0.01983 -999.00000 -0.00032 -0.00325 -0.00081 -0.00229 
 217  -999.00000 -0.00149 -0.01595 -999.00000 0.00000 0.09081 -0.00011 0.00248 
 218  0.00139 0.00061 0.04943 -0.01364 0.00063 0.00415 0.00079 -0.00080 
 219  -0.01163 0.00171 0.00237 -999.00000 0.00360 -0.00526 -0.00161 -0.00397 
 220  -0.00909 0.00621 -0.00937 -999.00000 0.00227 0.00197 0.00011 0.00337 
 221  0.00083 -0.00275 0.00480 -0.00015 -0.00651 -0.04292 0.00623 0.00017 
 222  -0.00237 0.00211 -0.04909 -999.00000 -0.00253 -0.00156 0.00055 -0.00348 
 223  0.00021 -0.00054 -0.01956 -999.00000 -0.00029 0.00017 0.00168 -0.01907 
 224  0.00798 0.00435 -0.00542 -999.00000 -0.00059 0.00207 -0.00360 0.00171 
 225  0.00023 0.00115 0.10239 -0.00662 -0.00112 -999.00000 -0.00182 -0.00028 
 226  -0.00089 -0.00299 0.01041 -999.00000 -0.00259 0.01851 0.00030 0.00189 
 227  -0.00881 0.00227 -0.00105 -999.00000 0.00098 -0.00136 -0.00406 -0.00098 
 228  -0.00022 -0.00000 -0.00070 -0.00000 0.08046 -999.00000 -0.00106 0.00033 
 229  -0.00169 -0.00184 -0.05032 -999.00000 0.00026 0.01395 -0.00021 -0.00556 
 230  -0.00342 0.01345 -0.00695 -999.00000 0.00085 -0.00153 -0.00407 0.00013 
 231  -0.03756 0.00096 -0.00683 0.00122 -0.00047 0.00050 -0.00721 -0.00000 
 232  -0.02416 0.00368 0.04006 -0.00000 -0.00026 -0.00234 -0.00145 0.00103 
 233  -0.01450 0.00304 -0.00073 -999.00000 0.00447 0.00225 0.01210 0.00029 
 234  -0.01156 0.01609 0.03782 -999.00000 0.00000 0.00878 0.00232 -0.02857 
 235  -0.01887 -999.00000 -0.00159 0.00017 0.00385 -0.00103 -999.00000 -0.00076 
 236  0.00079 -0.00000 0.00723 -999.00000 0.00082 -0.00201 -0.00107 -999.00000 
 237  -0.00077 0.00329 -0.00337 -999.00000 -0.00108 -0.00396 -0.00000 0.00285 
 238  0.00000 -0.00044 0.01233 -0.00061 -0.00070 -0.00000 -0.00165 0.00515 
 239  -0.00162 -0.00000 0.00028 -999.00000 0.00070 -0.00128 -0.04516 0.00222 
 240  -0.00327 -0.00387 0.00093 -0.00000 -999.00000 0.00165 -999.00000 -0.01161 
 241  0.00164 -0.00000 -0.00814 -0.00727 -0.00200 0.00021 -0.00240 0.00376 
 242  0.00098 -0.00124 0.00306 0.00093 -0.00679 -0.00132 0.00133 0.00041 
 243  0.01693 -0.00119 -0.00299 -999.00000 -0.00000 0.00588 -0.00102 -0.00390 
 244  -0.00000 -0.00240 0.00171 -999.00000 0.00461 0.00175 -0.00064 -0.00073 
 245  0.00063 -0.00165 -0.00230 0.00211 -0.00567 -999.00000 -999.00000 -0.02331 
 246  -999.00000 0.00080 -0.00378 -999.00000 0.00164 -0.00013 -0.00360 0.00402 
 247  0.00139 0.00121 -0.00366 -0.00000 -0.00046 -0.00094 -0.00488 0.00038 
 248  0.00688 -0.00043 -0.00077 0.00044 0.00122 -0.00143 -0.00858 0.00420 
 249  0.00263 0.00000 0.01137 -999.00000 -0.00921 0.00382 0.00282 0.00299 
 250  0.00035 0.00443 -0.05978 -999.00000 -0.01270 0.00365 0.00065 -0.00165 
 251  0.00513 -0.00146 -999.00000 -0.00000 -0.00023 0.00139 -0.00037 0.00320 
 252  -0.00284 -0.00626 -0.00449 -0.00277 -0.00322 0.00033 -999.00000 -999.00000 
 253  0.00117 -0.00445 -0.00031 -999.00000 -0.00047 -0.00153 0.00205 0.00000 
 254  0.00907 -0.00192 -0.01357 -999.00000 -0.00579 -0.00061 0.00073 -0.00181 
 255  0.00101 -0.00035 0.00083 0.00716 -0.00170 0.00452 0.00297 -0.00051 
 256  -0.00171 -0.00113 0.00346 -999.00000 -0.00565 0.00182 0.00194 0.00129 
 257  -0.06281 -0.00304 -999.00000 -999.00000 0.00071 -999.00000 -999.00000 -999.00000 
 258  -0.02626 -0.00107 -0.01560 0.00014 -0.00039 -999.00000 -999.00000 -999.00000 
 259  -0.05367 -0.00665 0.00281 -999.00000 -0.00000 -999.00000 -0.00328 -999.00000 
 260  -0.09372 -0.00066 -0.02174 -999.00000 0.00096 -999.00000 0.00357 -999.00000 
 261  -0.09675 0.00168 0.03426 0.00098 -0.00017 0.00428 -0.00013 0.00000 
 262  -0.06882 -0.00038 0.00495 -999.00000 -0.00690 0.00204 0.00211 -0.00185 
 263  -0.05997 0.00037 -0.00093 -999.00000 -0.00018 -999.00000 0.00124 -0.00042 
 264  -0.04783 -0.00283 -0.00742 0.00111 -0.00017 -999.00000 0.00073 -0.00352 
 265  -0.05643 0.00030 -0.02377 0.00561 -0.00264 0.00016 0.00882 0.00270 
 266  -0.11761 0.00192 -0.00164 -999.00000 -0.00704 0.00273 -0.00691 0.00108 
 267  -0.02790 0.00113 -0.03243 -999.00000 -0.00043 -0.00000 -0.00132 0.00571 
 268  -0.07573 -0.00164 -0.01760 -0.00103 0.01019 0.00018 0.00186 0.00028 
 269  -0.00701 0.00360 -0.00505 -999.00000 0.00039 -0.00089 0.00597 -0.00276 
 270  -0.12846 -0.00035 -999.00000 -999.00000 -0.00068 -0.00000 0.00800 -0.00150 
 271  -999.00000 -0.00062 -0.00514 0.00062 0.00142 -0.00536 -0.00648 -0.00318 
 272  -0.11788 -0.00064 -0.03124 -0.00041 0.00028 0.00168 -0.00442 -0.01347 
 273  -0.09451 -0.00103 0.00140 -0.00000 0.00297 -999.00000 0.00313 0.00595 
 274  -0.12064 0.00029 -0.00000 -999.00000 -0.00101 0.00386 -0.00190 0.00060 
 275  -0.11317 -0.00392 -0.00000 0.00067 0.00016 -0.00059 0.00043 0.00038 
 276  -0.13192 -0.00447 0.00020 -999.00000 0.00223 -0.00040 0.00369 -0.00101 
 277  -0.06743 -0.00289 0.02845 -999.00000 -0.00018 -999.00000 -0.01184 0.00049 
 278  -0.03288 -0.00390 -0.00020 -0.00530 -0.00050 -0.00230 0.00907 0.00042 
 279  -0.14545 0.00000 -0.01572 -999.00000 0.00356 0.00065 -0.00013 0.00088 
 280  -0.11769 0.00255 -0.00551 -999.00000 0.00884 -999.00000 -0.00334 0.01200 
 281  -0.02634 -0.00412 -0.02834 0.00084 -0.00016 0.00963 0.00072 -0.02504 
 282  0.00447 0.00463 0.01851 0.00240 -0.00348 0.00249 0.00041 -0.00349 
 283  -0.15346 0.00000 -0.00393 -999.00000 -0.00079 -0.00000 -0.00391 -0.00063 
 284  -0.10383 0.00325 -0.00279 -999.00000 0.00173 0.00100 0.00044 -0.01953 
 285  -0.07053 0.00388 -0.01537 -0.00227 -0.00078 -0.00109 -0.00648 0.00297 
 286  -0.08488 -0.00000 0.01540 -0.00308 0.00546 -0.00595 0.00294 0.00786 
 287  -0.04167 -0.00165 -0.00531 -999.00000 0.00080 -0.00000 -0.00030 0.00293 
 288  -999.00000 0.00147 -0.00486 0.00022 0.00029 -0.00022 -0.00000 -0.00119 
 289  -0.10488 -0.00370 -0.01451 0.00731 -0.00076 0.01030 0.00087 0.00052 
 290  -0.17818 -0.00789 -0.02130 -999.00000 0.00016 -999.00000 -0.00014 0.00231 
 291  -0.06919 -0.00298 -0.02228 -999.00000 0.00328 -0.00040 0.00218 0.01076 
 292  -0.06898 -0.00196 -0.00227 0.00314 0.00070 0.00232 0.00095 0.03294 
 293  -0.04697 0.00042 -0.01441 -999.00000 0.00011 -0.00000 0.00313 0.01268 
 294  -0.25128 0.00333 -0.00183 -999.00000 0.00047 0.00084 -0.00063 0.00364 
 295  -0.16676 0.00195 0.00348 -0.00067 -0.00156 -0.00024 -0.05021 0.00959 
 296  -0.08825 -0.00101 -0.04419 -999.00000 0.00362 0.00199 0.00014 0.00193 
 297  -0.14895 -0.00321 -0.01775 -0.00000 0.00094 -999.00000 0.00049 -0.00023 
 298  -0.02035 0.00608 -0.00570 0.00310 -0.00013 -0.00116 0.00062 -0.00126 
 299  -0.03438 0.00181 -0.00000 -0.00027 0.00759 0.00396 0.00252 0.01265 
 300  -0.06062 0.00326 0.00286 -0.00000 -0.00068 -999.00000 0.00099 0.00079 
 301  -0.07077 0.00174 0.00645 0.00228 0.00221 0.00073 -0.00124 -0.00086 
 302  -0.06124 -0.00229 -0.01683 -0.00795 -0.00178 0.00378 0.00127 -0.00082 
 303  -0.16190 -0.00000 0.00229 -999.00000 -0.00048 -0.00000 0.00257 0.00373 
 304  -0.10474 0.00051 -0.00256 -0.00000 0.00101 -0.00319 -0.00032 0.00177 
 305  -0.19671 -0.00276 0.00151 0.00551 -999.00000 -0.00429 0.00263 0.00213 
 306  -0.01232 0.00187 0.00019 -999.00000 0.00009 -0.00000 -0.00122 -0.00033 
 307  -0.14172 -0.00265 0.00016 -999.00000 0.00355 -999.00000 -0.00049 0.00060 
 308  -0.12816 0.00508 -0.02256 -0.00638 0.00036 -0.00666 0.00197 0.00174 
 309  -0.00000 -0.00750 -0.02102 -0.00035 -0.00199 0.00163 0.00114 0.00261 
 310  -0.20310 0.00042 0.00357 -999.00000 -0.00306 -999.00000 0.00070 0.00116 
 311  -0.00158 0.00470 -999.00000 -0.00097 -0.00081 -0.00049 0.00106 0.00622 
 312  -0.12130 -0.00066 0.00419 0.00146 -0.00188 -0.00025 0.00054 -0.00025 
 313  -0.00000 0.00020 0.00108 -999.00000 -0.00165 -0.00000 -0.00105 0.00210 
 314  -0.10494 -0.00100 -0.01670 -999.00000 -0.00000 0.00107 0.00697 0.00021 
 315  0.18761 -0.00304 -999.00000 -0.00311 -0.00055 0.00026 0.00175 0.00011 
 316  -0.12959 0.00167 -0.00039 -999.00000 0.00019 -999.00000 -0.00017 -0.00063 
 317  -0.15599 -0.00284 0.00565 -999.00000 -0.00152 -0.00064 0.00067 0.00116 
 318  -0.03015 0.00426 -0.03281 -0.00142 -999.00000 0.00092 -0.00167 0.00020 
 319  -999.00000 -0.00076 0.00269 -999.00000 -0.00050 0.00137 0.00000 -0.00056 
 320  -999.00000 0.00019 -0.02160 -999.00000 -0.00486 -999.00000 -0.00168 -0.00505 
 321  -999.00000 -0.00084 -999.00000 0.00626 -0.00140 -999.00000 -999.00000 0.00012 
 322  -999.00000 0.00742 0.01151 -0.00156 0.00198 -999.00000 -999.00000 0.00032 
 323  -0.19220 -0.00060 -0.00566 -999.00000 0.00546 -999.00000 0.00053 -0.00179 
 324  -0.00270 -0.00195 -0.00190 -999.00000 0.00084 -999.00000 -999.00000 -0.00501 
 325  -0.10046 -0.00043 0.00357 0.00077 -0.00524 -999.00000 -0.00549 -0.00391 
 326  -0.17073 -0.00237 -0.00947 -999.00000 0.00021 -999.00000 -999.00000 -0.00013 
 327  -999.00000 0.00022 -0.00597 -999.00000 -0.00104 -0.00000 -999.00000 0.00012 
 328  -0.10829 -0.00360 0.00076 0.00268 -0.00085 -0.00132 0.00017 -0.00149 
 329  -0.08667 -0.00412 -0.00015 -0.00291 -0.00019 0.00077 0.00055 0.00180 
 330  -0.06582 0.00140 0.00341 -0.00000 -0.00088 -999.00000 -0.01696 -0.00115 
 331  0.05312 0.00221 0.00133 -0.00531 0.00071 -0.00077 -0.00812 -0.00109 
 332  -0.09125 0.00504 0.00026 -0.00136 0.00148 -0.00000 -0.00102 0.00022 
 333  -0.11847 0.00337 -0.00243 -999.00000 0.00912 -999.00000 0.00394 0.00117 
 334  -0.03613 -0.00016 -0.00390 0.00052 -0.00114 -0.00051 -0.00377 0.00139 
 335  -0.25909 0.00106 -0.01514 0.00213 -0.00123 -0.00261 -0.00000 -0.00049 
 336  -0.34825 0.00098 -0.00211 -999.00000 -999.00000 -999.00000 -0.00732 0.00083 
 337  -0.19041 0.00504 -0.00407 -999.00000 -0.00100 -999.00000 0.00076 0.00073 
 338  -0.27097 -0.00631 -0.00158 0.00043 0.00148 0.00000 -0.00000 -0.00190 
 339  -0.15091 -0.00246 -999.00000 -999.00000 0.00009 -999.00000 -0.00142 -0.00081 
 340  -999.00000 0.00186 -0.00192 -0.00000 0.00157 -999.00000 -0.00121 0.00827 
 341  -999.00000 0.00098 0.00581 0.00707 0.00087 -0.00577 -0.00137 0.00214 
 342  -999.00000 -0.00200 -0.06492 -999.00000 -0.00183 -0.00000 0.00485 0.00035 
 343  -999.00000 -0.00063 -0.00869 -999.00000 -0.00236 -999.00000 -0.00092 0.00201 
 344  -999.00000 -999.00000 0.00000 -999.00000 -0.00000 0.00255 -0.00314 -999.00000 
 345  -999.00000 -0.00100 -0.04511 -0.02130 -0.00091 0.00207 -0.00025 0.00138 
 346  -999.00000 -0.00217 0.00669 -0.00000 0.00054 -0.00000 0.00794 -999.00000 
 347  -999.00000 -0.00084 -0.00139 -0.00000 0.00028 -0.00440 0.00224 0.00022 
 348  -999.00000 0.00656 0.00107 -0.00361 0.00061 -0.01434 -0.00208 0.00160 
 349  -999.00000 -0.00183 -0.01758 -999.00000 -0.00663 -999.00000 0.00275 0.00230 
 350  -999.00000 -0.00053 0.00387 -999.00000 0.00253 0.00643 -0.00472 -0.00241 
 351  -999.00000 0.00336 -0.00000 -0.00050 0.03386 -0.00000 0.00053 -0.00541 
 352  -999.00000 -0.00016 -999.00000 -999.00000 0.00024 -0.00145 -0.00330 -0.00429 
 353  -999.00000 0.00130 -0.00436 -999.00000 -0.00081 -999.00000 -0.01366 -0.00049 
 354  -999.00000 -0.00287 0.00161 -0.00617 -0.00118 0.00000 0.00248 -0.00244 
 355  -999.00000 -0.00155 0.01883 0.00106 -0.00118 0.00548 0.00924 0.00060 
 356  -999.00000 -0.00000 -0.00107 -999.00000 0.00025 -999.00000 -0.00289 0.00537 
 357  -999.00000 -0.00180 -0.00209 0.00255 0.01083 0.00069 0.00048 0.00095 
 358  -999.00000 -0.00370 0.00043 0.00703 0.01231 -0.00000 -0.00028 0.00009 
 359  -999.00000 -0.00450 -0.00246 -0.00000 0.00947 -999.00000 0.00092 -0.00131 
 360  -999.00000 -0.00079 0.00412 -999.00000 -0.00090 -0.00057 -0.01443 0.00021 
 361  -999.00000 0.00032 -0.00063 0.00128 0.00098 -0.00554 0.00000 0.00200 
 362  -999.00000 -0.00413 -999.00000 -999.00000 0.00017 -0.00132 -0.01034 0.00025 
 363  -999.00000 0.00235 -0.00009 -999.00000 0.00184 -999.00000 -0.00095 -999.00000 
 364  -999.00000 0.00453 0.00183 -0.02679 0.00324 -0.01869 -0.03384 -0.00202 
 365  -999.00000 0.00000 0.00956 -0.01412 -0.00221 -0.00387 -0.00547 -999.00000 
 366  -999.00000 -0.00062 -0.00028 -999.00000 -0.00007 -999.00000 -0.00622 0.00042 
 367  -999.00000 -0.00061 -0.00184 0.00242 -0.00307 0.00275 -0.00174 0.00094 
 368  -999.00000 -0.00000 -0.00284 0.00260 -0.00047 -0.00302 -0.03833 -0.00017 
 369  -999.00000 0.00208 0.00062 -999.00000 0.00162 -999.00000 0.00236 -0.00017 
 370  -999.00000 -0.01064 0.00452 -999.00000 -0.00139 0.00053 0.00892 0.00028 
 371  -999.00000 -0.00043 -999.00000 0.00000 0.00023 -0.00340 0.00035 -0.00000 
 372  -999.00000 0.00255 0.00055 -999.00000 0.00313 -0.00000 -0.00000 -0.00033 
 373  -999.00000 -0.00270 0.00733 -999.00000 0.00284 -0.00000 0.00076 0.00127 
 374  -999.00000 -0.00178 0.00215 0.01029 -0.00279 -0.00355 -0.00500 0.00114 
 375  -999.00000 0.00113 -999.00000 -0.00000 -999.00000 -999.00000 -0.00579 0.00083 
 376  -999.00000 -0.00014 0.00329 -0.00000 0.00057 -0.00000 -0.00166 0.00088 
 377  -999.00000 0.00000 -0.00161 -0.01322 0.00479 -0.00053 -0.00000 -0.00644 
 378  -999.00000 0.00060 0.00488 -999.00000 -0.00060 -0.00000 -0.01800 -0.00042 
 379  -999.00000 0.00319 -0.00206 -999.00000 -0.00070 -999.00000 0.00036 0.00173 
 380  -999.00000 0.00238 -0.00000 -999.00000 0.00048 0.00298 -999.00000 -0.00141 
 381  -999.00000 -999.00000 0.00287 -0.00000 -0.00266 -0.00164 -0.00490 0.00128 
 382  -999.00000 0.00264 -0.00230 -999.00000 0.00044 -0.00000 -0.00092 0.00250 
 383  -999.00000 -0.00280 -0.00091 -0.00000 -0.00202 -0.00060 0.00187 -0.00080 
 384  -999.00000 -0.00192 0.00033 -999.00000 0.00138 0.00085 0.00137 -0.00125 
 385  -999.00000 0.00261 0.00636 -999.00000 -0.00447 0.00804 0.00044 0.00146 
 386  -999.00000 -999.00000 -999.00000 -999.00000 -999.00000 -0.00107 -999.00000 -999.00000 
 387  -999.00000 -0.00186 -0.00332 -999.00000 -999.00000 0.00856 -0.00083 -0.00090 
 388  -999.00000 -0.00405 0.00070 -999.00000 0.00127 -0.00000 -0.00153 -999.00000 
 389  -999.00000 -999.00000 0.00617 -0.00000 0.00141 -999.00000 0.00000 -0.00000 
 390  -999.00000 -0.00478 -0.00374 -999.00000 -0.00359 0.00108 0.00397 0.00160 
 391  -999.00000 -0.00419 -0.00156 -999.00000 -0.00033 -0.00111 0.00360 0.00039 
 392  -999.00000 0.00188 -999.00000 -999.00000 0.00008 -999.00000 -0.00731 0.00141 
 393  -999.00000 -0.00221 0.00452 -0.00000 -0.00211 -0.00000 0.00140 -0.01345 
 394  -999.00000 0.00179 -0.00294 -999.00000 0.00021 0.00613 -0.00000 0.00776 
 395  -999.00000 -0.00354 -999.00000 -999.00000 -0.00324 0.00209 -0.01309 0.00078 
 396  -999.00000 -0.00416 0.00364 -999.00000 0.00320 -999.00000 -0.01176 0.00129 
 397  -999.00000 -0.00045 0.00481 -999.00000 0.00534 0.00219 -0.00619 0.00033 
 398  -999.00000 0.00273 -0.00101 -999.00000 0.00023 -0.00000 -0.00000 0.01226 
 399  -999.00000 0.00334 -0.00140 -0.00000 0.00093 -999.00000 -0.00421 0.00167 
 400  -999.00000 -0.00088 0.00115 -999.00000 0.00059 -999.00000 -0.00243 -0.00068 
 401  -999.00000 -0.00022 -0.00248 -999.00000 0.00224 0.00335 0.00085 0.00110 
 402  -999.00000 0.00606 -999.00000 -0.00000 0.00015 -999.00000 0.00268 0.00035 
 403  -999.00000 0.00301 0.00249 -0.00000 0.00211 -0.00480 -0.00741 0.00154 
 404  -999.00000 -0.00726 -0.00281 -999.00000 0.00239 -0.00146 -0.00842 -0.00406 
 405  -999.00000 -0.00134 0.00212 -999.00000 0.00212 0.00441 0.00103 -0.00135 
 406  -999.00000 0.00011 0.00313 -999.00000 -0.00096 -999.00000 0.00136 0.00613 
 407  -999.00000 0.00352 -0.00317 -999.00000 -0.00000 0.00208 -0.00704 -0.00296 
 408  -999.00000 -0.00071 -0.00263 -0.00000 -0.00136 -0.02128 0.00134 -0.00057 
 409  -999.00000 0.00141 0.00671 -0.00000 -0.00580 -999.00000 -0.01037 0.00209 
 410  -0.00000 -0.00080 -0.00517 -999.00000 -999.00000 -0.00909 0.00145 -0.00107 
 411  -999.00000 -0.00515 0.00132 -999.00000 -0.00046 -0.03048 -0.00775 0.00017 
 412  -999.00000 0.00852 -0.00096 -999.00000 0.00069 -999.00000 -0.00645 -0.00045 
 413  -999.00000 0.00322 0.00400 -999.00000 -0.00285 0.00500 -0.03670 0.00045 
 414  -999.00000 0.00460 -0.00022 -999.00000 0.03328 0.00235 0.02909 0.00046 
 415  -999.00000 -0.00059 -999.00000 -999.00000 -0.00135 -999.00000 -0.00000 -0.00024 
 416  -999.00000 -0.01085 -0.00305 -999.00000 0.00026 -999.00000 -0.00000 -0.00233 
 417  -999.00000 0.00054 0.00493 -999.00000 0.00484 0.01299 -999.00000 0.00028 
 418  -999.00000 0.00429 -999.00000 -999.00000 -0.00193 -999.00000 -999.00000 -0.00028 
 419  -999.00000 0.00113 0.00274 -999.00000 0.00333 -999.00000 -999.00000 -0.00028 
 420  -999.00000 -0.00044 0.00231 -999.00000 -0.00102 -999.00000 -999.00000 0.00077 
 421  -999.00000 0.00011 -0.01313 -999.00000 0.00344 -999.00000 -999.00000 0.00421 
 422  -999.00000 0.00940 0.00100 -999.00000 0.04179 -999.00000 -999.00000 0.00033 
 423  -999.00000 -0.00343 -0.00342 -999.00000 0.00352 -999.00000 -999.00000 0.00390 
 424  -999.00000 -0.00213 0.00394 -999.00000 0.00110 -999.00000 -999.00000 -0.00040 
 425  -999.00000 -0.00625 -999.00000 -999.00000 0.00361 -999.00000 -999.00000 0.00443 
 426  -999.00000 -0.00010 -0.00534 -999.00000 -0.00117 -999.00000 -999.00000 -0.00266 
 427  -999.00000 0.00388 -0.00210 -999.00000 0.00120 -999.00000 -999.00000 0.00373 
 428  -999.00000 0.00114 -0.00090 -999.00000 0.00105 -999.00000 -999.00000 -0.00098 
 429  -999.00000 -0.00229 0.00014 -999.00000 0.00365 -999.00000 -999.00000 -0.00117 
 430  -999.00000 0.00083 0.00080 -999.00000 -999.00000 -999.00000 -999.00000 0.00077 
 431  -999.00000 -0.00000 -0.00268 -999.00000 0.00085 -999.00000 -999.00000 -0.00000 
 432  -999.00000 -0.00248 -999.00000 -999.00000 0.00075 -999.00000 -999.00000 -0.00089 
 433  -999.00000 0.00384 -0.00154 -999.00000 -999.00000 -999.00000 -999.00000 0.00044 
 434  -999.00000 0.00019 0.00046 -999.00000 0.00040 -999.00000 -999.00000 0.00148 
 435  -999.00000 -0.00072 0.00397 -0.00000 0.00173 -999.00000 -999.00000 0.00163 
 436  -999.00000 -0.00068 -0.00062 -0.00000 0.00052 -999.00000 -999.00000 -0.00000 
 437  -999.00000 -0.00112 -0.00031 -999.00000 0.00127 -999.00000 -999.00000 0.00122 
 438  -999.00000 -0.00375 -0.00287 -0.00000 0.00323 -999.00000 -999.00000 0.00239 
 439  -999.00000 -0.00895 -0.00650 -999.00000 0.00130 -999.00000 -999.00000 0.00219 
 440  -999.00000 -0.00549 -0.00029 -999.00000 -0.00122 -999.00000 -999.00000 0.00093 
 441  -999.00000 -0.00020 -0.00066 -999.00000 -0.00511 -999.00000 -999.00000 -0.00203 
 442  -999.00000 0.00165 -0.00045 -999.00000 -0.00597 -999.00000 -999.00000 0.00230 
 443  -999.00000 -0.01157 0.00123 -999.00000 0.00194 -999.00000 -999.00000 -0.04342 
 444  -999.00000 -0.00056 -0.00247 -999.00000 -0.00012 -999.00000 -999.00000 0.00000 
 445  -999.00000 -0.00317 0.00113 -0.00000 -0.00077 -999.00000 -999.00000 0.00164 
 446  -999.00000 0.00117 -0.00154 -0.00000 0.00033 -999.00000 -999.00000 -0.00388 
 447  -999.00000 0.00017 0.00060 -999.00000 0.00012 -0.00000 -999.00000 -999.00000 
 448  -999.00000 0.00124 -0.00332 -999.00000 0.00125 -999.00000 -999.00000 -0.00889 
 449  -999.00000 -999.00000 -999.00000 -999.00000 -999.00000 -999.00000 -999.00000 -999.00000 
 450  -999.00000 -999.00000 0.00048 -999.00000 -999.00000 -999.00000 -999.00000 -999.00000 
 451  -999.00000 -999.00000 -999.00000 -999.00000 -999.00000 -0.00000 -0.00000 -999.00000 
 452  -999.00000 -999.00000 -999.00000 -999.00000 -0.00211 -999.00000 -999.00000 -999.00000 
 453  -999.00000 -0.00000 -0.00050 -0.00000 0.00027 -999.00000 -999.00000 -999.00000 
 454  -999.00000 -0.00367 -0.00119 -999.00000 -0.00034 -999.00000 -999.00000 -999.00000 
 455  -999.00000 -0.00133 -0.00295 -999.00000 -0.00141 -999.00000 -999.00000 -999.00000 
 456  -999.00000 -0.00154 0.00157 -999.00000 0.00018 -999.00000 -999.00000 -999.00000 
 457  -999.00000 0.00022 0.00009 -999.00000 0.00000 -999.00000 -999.00000 -999.00000 
 458  -999.00000 0.00070 -0.00030 -999.00000 -0.00180 -999.00000 -999.00000 -999.00000 
 459  -999.00000 0.00202 -0.00133 -999.00000 -0.00262 -999.00000 -999.00000 -999.00000 
 460  -999.00000 0.00200 -0.00029 -999.00000 -0.00231 -0.00000 -0.00000 -999.00000 
 461  -999.00000 -0.00785 0.00792 -999.00000 -0.00265 -999.00000 -0.00000 -999.00000 
 462  -999.00000 0.00068 0.00306 -999.00000 0.00113 -999.00000 -0.00000 -999.00000 
 463  -999.00000 -0.00076 -0.00022 -999.00000 -0.00067 -0.00000 -0.00000 -999.00000 
 464  -999.00000 -999.00000 0.00085 -999.00000 -999.00000 -999.00000 -999.00000 -999.00000 
 465  -999.00000 -0.00010 -999.00000 -999.00000 -0.00900 -999.00000 -999.00000 -999.00000 
 466  -999.00000 0.00276 -0.00554 -999.00000 0.00110 -999.00000 -999.00000 -999.00000 
 467  -999.00000 -0.00020 0.00084 -999.00000 -999.00000 -999.00000 -0.00000 -0.00000 
 468  -999.00000 -999.00000 -0.00103 -999.00000 -999.00000 -999.00000 -999.00000 -0.00000 
 469  -999.00000 0.00073 -999.00000 -999.00000 0.00590 -999.00000 -999.00000 -0.00000 
 470  -999.00000 0.00111 -0.00080 -999.00000 -0.00093 -0.00000 -999.00000 -999.00000 
 471  -999.00000 0.00071 -0.00028 -999.00000 0.00052 -999.00000 -0.00000 -0.00000 
 472  -999.00000 0.00000 -999.00000 -999.00000 -0.00138 -999.00000 -0.00000 -999.00000 
 473  -999.00000 0.00595 -0.00034 -999.00000 -0.00080 -999.00000 -0.00000 -999.00000 
 474  -999.00000 0.00054 -0.00094 -999.00000 -0.00000 -999.00000 -999.00000 -999.00000 
 475  -999.00000 -999.00000 0.00418 -999.00000 -0.00130 -999.00000 0.10000 -0.00000 
 476  -999.00000 -0.00010 -0.00044 -999.00000 0.04000 -999.00000 -999.00000 -0.00000 
 477  -999.00000 -0.00009 -0.00214 -999.00000 -999.00000 -999.00000 -999.00000 -999.00000 
 478  -999.00000 -999.00000 -0.00235 -999.00000 -999.00000 -999.00000 -999.00000 -999.00000 
 479  -999.00000 -999.00000 -0.00175 -999.00000 -999.00000 -999.00000 -999.00000 -999.00000 
 480  -999.00000 0.00337 0.00048 -999.00000 -999.00000 -0.00000 -0.00000 -999.00000 
 481  -999.00000 0.00895 -0.00230 -999.00000 -999.00000 -999.00000 -999.00000 -0.00000 
 482  -999.00000 -999.00000 -999.00000 -999.00000 -999.00000 -999.00000 -999.00000 -0.00000 
 483  -999.00000 -0.00154 0.00025 -999.00000 -999.00000 -999.00000 -0.00000 -999.00000 
 484  0.10000 0.00053 -0.01790 -999.00000 -999.00000 -999.00000 -0.00000 -0.00000 
 485  -999.00000 0.00009 -999.00000 -999.00000 -999.00000 -999.00000 -0.00000 -0.00000 
 486  -999.00000 -0.00134 0.00000 -999.00000 -999.00000 -999.00000 -0.00000 -0.00000 
 487  -999.00000 -0.00091 -0.00008 -999.00000 -0.00000 -999.00000 -999.00000 -0.00000 
 488  -999.00000 -0.00034 -0.00284 -999.00000 -999.00000 -999.00000 -999.00000 -0.00000 
 489  -999.00000 -0.00352 0.00858 -999.00000 -999.00000 -999.00000 -999.00000 -999.00000 
 490  -999.00000 -0.00111 0.00802 -999.00000 -999.00000 -999.00000 -999.00000 -999.00000 
 491  -999.00000 0.00074 -0.00008 -999.00000 -999.00000 -999.00000 -999.00000 -999.00000 
 492  -999.00000 0.00106 0.00050 -999.00000 -999.00000 -999.00000 -0.00000 -999.00000 
 493  -999.00000 0.00172 -0.00015 -999.00000 -999.00000 -999.00000 -999.00000 -999.00000 
 494  -999.00000 -999.00000 -0.00580 -0.00000 -0.00000 -0.00000 -999.00000 -999.00000 
 495  -0.00000 -0.00284 -999.00000 -999.00000 -0.00000 -0.00000 -999.00000 -999.00000 
 496  -999.00000 -999.00000 0.00024 -999.00000 -0.00000 -999.00000 -0.00000 -999.00000 
 497  -999.00000 -0.00254 0.00021 -999.00000 -999.00000 -999.00000 -0.00000 -999.00000 
 498  -999.00000 -0.00071 -999.00000 -999.00000 -999.00000 -999.00000 -999.00000 -999.00000 
 499  -999.00000 0.00102 -999.00000 -999.00000 -999.00000 -999.00000 -0.00000 -999.00000 
 500  -999.00000 -999.00000 -0.00004 -999.00000 -999.00000 -0.00000 -999.00000 -0.00000 
 501  -999.00000 -0.00273 -999.00000 -999.00000 -0.00000 -999.00000 -999.00000 -999.00000 
 502  -999.00000 0.00259 -999.00000 -999.00000 -0.00000 -999.00000 -0.00000 -999.00000 
 503  -999.00000 -0.00063 -0.00504 -999.00000 -999.00000 -0.00000 -999.00000 -0.00000 
 504  -999.00000 -0.00707 -999.00000 -999.00000 -0.00000 -0.00000 -999.00000 -999.00000 
 505  -999.00000 0.00058 0.00291 -999.00000 -0.00000 -999.00000 -999.00000 -999.00000 
 506  -999.00000 0.00093 0.00110 -999.00000 -999.00000 -999.00000 -999.00000 -999.00000 
 507  -999.00000 -0.00018 -0.00088 -999.00000 -999.00000 -999.00000 -0.00000 -999.00000 
 508  -999.00000 0.00346 -999.00000 -999.00000 -999.00000 -999.00000 -999.00000 -999.00000 
 509  -999.00000 0.00151 -0.00007 -999.00000 -999.00000 -999.00000 -999.00000 -0.00000 
 510  -999.00000 0.00679 -0.00299 -999.00000 -999.00000 -999.00000 -999.00000 -0.00000 
 511  -999.00000 -0.00021 -999.00000 -999.00000 -999.00000 -999.00000 -999.00000 -999.00000 
 512  -999.00000 -0.00215 -999.00000 -999.00000 -999.00000 -999.00000 -999.00000 -999.00000 
