Start event: 3505 1 1 1471464066 1471464066 973987596 760968960 4039 7 11
 4 134 
 10 127 
 12 165 
 13 159 
 20 147 
 26 146 
 2 146 
 MM 6 48 144 56 4009 105 4
 MM 6 49 209 51 4009 105 4
 MM 6 50 160 54 4009 105 4
 MM 6 51 80 41 4010 105 4
 MM 1 20 191 32 1178 107 2
 MM 1 21 128 32 1178 107 2
 MM 6 33 160 76 1723 106 3
 MM 6 34 160 54 1722 106 3
 MM 6 35 176 54 1722 106 3
 MM 6 6 326 64 659 101 2
 MM 6 7 412 50 658 101 2
========= 
Start event: 3505 2 2 1471464067 1471464067 813675743 802434816 1866 7 5
 1 132 
 7 141 
 12 170 
 13 164 
 21 155 
 27 141 
 3 141 
 MM 7 10 96 48 1835 105 1
 MM 7 36 96 34 1837 106 1
 MM 2 24 248 47 1838 110 3
 MM 2 26 208 77 1838 110 3
 MM 2 27 192 64 1837 110 3
========= 
Start event: 3505 3 3 1471464072 1471464071 503459 784167936 2745 8 5
 4 96 
 4 151 
 10 133 
 12 167 
 13 166 
 21 148 
 27 150 
 3 150 
 MM 1 12 256 37 2713 105 1
 MM 6 55 186 72 2715 107 1
 MM 1 5 168 80 2714 106 1
 MM 0 50 208 63 2713 101 2
 MM 0 51 223 40 2717 101 2
========= 
Start event: 3505 4 4 1471464072 1471464072 532134074 522555136 1940 7 19
 2 127 
 8 129 
 12 162 
 13 159 
 21 150 
 27 143 
 3 143 
 MM 2 13 264 64 1911 107 7
 MM 2 14 225 65 1913 107 7
 MM 2 15 273 59 1910 107 7
 MM 2 17 201 84 1911 107 7
 MM 2 18 256 85 1910 107 7
 MM 2 19 928 43 1909 107 7
 MM 2 20 362 69 1910 107 7
 MM 6 4 149 58 1914 106 7
 MM 6 5 549 56 1911 106 7
 MM 6 6 768 56 1910 106 7
 MM 6 7 220 57 1913 106 7
 MM 6 9 288 61 1911 106 7
 MM 6 10 300 35 1911 106 7
 MM 6 11 160 48 1914 106 7
 MM 6 40 224 41 1910 101 5
 MM 6 41 672 42 1910 101 5
 MM 6 42 788 70 1919 101 5
 MM 6 43 864 77 1918 101 5
 MM 6 44 709 63 1907 101 5
========= 
Start event: 3505 5 5 1471464074 1471464074 70210635 059122944 3234 7 10
 3 140 
 9 125 
 12 164 
 13 163 
 21 149 
 27 141 
 3 141 
 MM 4 39 122 61 3205 105 3
 MM 4 40 352 36 3202 105 3
 MM 4 41 144 34 3199 105 3
 MM 3 19 336 40 3201 103 5
 MM 3 23 174 40 3201 103 5
 MM 3 24 384 34 3201 103 5
 MM 3 25 224 47 3201 103 5
 MM 3 28 192 44 3202 103 5
 MM 5 7 342 59 3205 101 2
 MM 5 8 304 57 3205 101 2
========= 
Start event: 3505 6 6 1471464075 1471464075 89637896 078827008 605 7 18
 5 160 
 11 148 
 12 183 
 13 182 
 20 165 
 26 146 
 2 146 
 MM 2 16 232 50 573 105 2
 MM 2 17 267 48 574 105 2
 MM 2 6 192 58 573 106 3
 MM 2 7 252 72 573 106 3
 MM 2 8 128 56 573 106 3
 MM 1 39 432 88 573 101 2
 MM 1 40 336 43 573 101 2
 MM 1 23 608 39 578 109 3
 MM 1 24 480 56 575 109 3
 MM 1 33 202 39 574 109 3
 MM 6 38 185 52 577 110 8
 MM 6 39 384 36 577 110 8
 MM 6 40 352 40 577 110 8
 MM 6 41 159 56 578 110 8
 MM 6 48 559 46 575 110 8
 MM 6 49 480 56 577 110 8
 MM 6 50 208 49 577 110 8
 MM 6 51 143 32 578 110 8
========= 
Start event: 3505 7 7 1471464075 1471464075 779277599 768406016 2686 7 7
 1 126 
 7 151 
 12 173 
 13 171 
 21 160 
 27 152 
 3 152 
 MM 4 27 79 58 2655 105 5
 MM 4 28 192 54 2654 105 5
 MM 4 29 433 44 2653 105 5
 MM 4 30 436 64 2653 105 5
 MM 4 31 98 48 2661 105 5
 MM 3 27 288 52 2655 107 2
 MM 3 28 736 67 2654 107 2
========= 
Start event: 3505 8 8 1471464077 1471464077 960342410 949398016 1828 7 13
 5 134 
 11 126 
 12 159 
 13 159 
 20 144 
 26 147 
 2 147 
 MM 4 23 336 50 1798 105 3
 MM 4 24 688 51 1798 105 3
 MM 4 26 148 84 1799 105 3
 MM 3 46 208 56 1798 107 3
 MM 3 47 480 49 1797 107 3
 MM 3 48 736 8 1799 107 3
 MM 3 42 208 56 1803 101 4
 MM 3 43 415 50 1801 101 4
 MM 3 44 576 52 1798 101 4
 MM 3 45 128 36 1801 101 4
 MM 3 26 203 45 1795 109 1
 MM 4 46 256 47 1803 110 2
 MM 4 47 268 69 1805 110 2
========= 
Start event: 3505 9 9 1471464078 1471464078 432142040 421294080 3108 7 7
 5 137 
 11 167 
 12 195 
 13 188 
 20 179 
 26 147 
 2 147 
 MM 5 42 97 49 3078 105 3
 MM 5 43 246 56 3078 105 3
 MM 5 44 176 31 3077 105 3
 MM 5 18 167 70 3078 106 1
 MM 4 27 240 24 3079 101 2
 MM 4 28 159 48 3078 101 2
 MM 4 7 256 43 3082 110 1
========= 
Start event: 3505 10 10 1471464078 1471464078 757058768 746000128 3960 7 10
 3 128 
 9 137 
 12 164 
 13 159 
 20 149 
 26 150 
 2 150 
 MM 6 26 177 72 3929 105 3
 MM 6 27 152 40 3927 105 3
 MM 6 28 80 56 3929 105 3
 MM 6 29 128 40 3929 106 2
 MM 6 30 144 70 3926 106 2
 MM 1 59 288 85 3930 103 1
 MM 6 20 202 74 3931 101 4
 MM 6 21 801 80 3934 101 4
 MM 6 22 704 67 3937 101 4
 MM 6 23 416 68 3934 101 4
========= 
Start event: 3505 11 0 1471464086 0 154897583 0 -1 7 0
 0 127 
 6 150 
 12 180 
 13 174 
 21 164 
 27 159 
 3 159 
========= 
Start event: 3505 12 0 1471464088 0 522627339 0 -1 8 0
 5 81 
 5 138 
 11 126 
 12 160 
 13 160 
 19 155 
 25 155 
 1 155 
========= 
Start event: 3505 13 13 1471464094 1471464094 185953837 174845952 931 7 12
 2 132 
 8 127 
 12 162 
 13 160 
 21 150 
 27 141 
 3 141 
 MM 3 52 112 61 899 105 1
 MM 4 8 158 53 901 107 2
 MM 4 9 166 41 899 107 2
 MM 3 8 196 28 897 103 3
 MM 3 10 240 50 898 103 3
 MM 3 24 192 25 897 103 3
 MM 4 40 145 25 901 101 3
 MM 4 41 288 34 901 101 3
 MM 4 42 144 56 903 101 3
 MM 3 21 359 76 903 110 3
 MM 3 22 801 74 901 110 3
 MM 3 23 224 48 901 110 3
========= 
Start event: 3505 14 14 1471464094 1471464094 318664852 306868992 1639 8 10
 1 140 
 2 151 
 8 126 
 12 178 
 13 175 
 21 166 
 27 157 
 3 157 
 MM 4 13 176 47 1609 105 3
 MM 4 14 440 54 1609 105 3
 MM 4 15 129 56 1609 105 3
 MM 3 44 544 50 1610 107 3
 MM 3 45 668 52 1614 107 3
 MM 3 46 432 61 1607 107 3
 MM 3 11 361 32 1606 103 1
 MM 4 60 98 40 1609 101 3
 MM 4 61 429 26 1607 101 3
 MM 4 62 224 48 1609 101 3
========= 
Start event: 3505 15 15 1471464095 1471464095 19472095 008955904 175 7 11
 1 127 
 7 135 
 12 165 
 13 165 
 21 150 
 27 141 
 3 141 
 MM 5 59 128 40 145 105 3
 MM 5 60 240 64 143 105 3
 MM 5 61 119 46 142 105 3
 MM 1 61 175 41 146 107 3
 MM 1 62 384 64 145 107 3
 MM 1 63 427 41 143 107 3
 MM 1 27 320 80 145 103 1
 MM 7 3 176 41 147 101 4
 MM 7 4 464 46 145 101 4
 MM 7 5 816 48 145 101 4
 MM 7 6 640 45 145 101 4
========= 
Start event: 3505 16 16 1471464103 1471464103 967283764 753648896 3502 7 3
 3 128 
 9 149 
 12 173 
 13 172 
 21 149 
 27 154 
 3 154 
 MM 3 52 135 61 3473 105 3
 MM 3 53 448 45 3473 105 3
 MM 3 54 416 64 3473 105 3
========= 
Start event: 3505 17 17 1471464104 1471464104 128334101 114960896 3285 9 11
 4 149 
 5 144 
 10 153 
 11 149 
 12 178 
 13 177 
 21 148 
 27 156 
 3 156 
 MM 1 5 128 49 3255 105 1
 MM 6 61 617 64 3254 107 2
 MM 6 62 625 56 3253 107 2
 MM 1 8 447 72 3253 106 3
 MM 1 9 349 72 3254 106 3
 MM 1 18 128 56 3255 106 3
 MM 0 60 193 88 3257 101 2
 MM 0 61 241 57 3257 101 2
 MM 0 46 240 48 3254 109 3
 MM 0 47 592 40 3254 109 3
 MM 0 48 265 48 3254 109 3
========= 
Start event: 3505 18 18 1471464105 1471464105 194014744 183064832 2014 7 13
 4 139 
 10 141 
 12 169 
 13 169 
 21 147 
 27 149 
 3 149 
 MM 3 5 192 48 1982 105 7
 MM 3 6 112 84 1986 105 7
 MM 3 13 128 77 1987 105 7
 MM 3 14 112 0 1986 105 7
 MM 3 19 189 80 1983 105 7
 MM 3 20 256 68 1982 105 7
 MM 3 21 448 61 1982 105 7
 MM 4 63 192 61 1985 107 1
 MM 2 49 160 51 1985 101 2
 MM 2 50 91 42 1985 101 2
 MM 2 35 495 86 1982 109 1
 MM 5 32 124 35 1982 110 2
 MM 5 33 132 40 1983 110 2
========= 
Start event: 3505 19 19 1471464105 1471464105 480237788 469302016 553 8 28
 3 152 
 9 126 
 12 184 
 13 184 
 21 177 
 24 177 
 27 168 
 3 168 
 MM 7 36 512 51 521 107 2
 MM 7 37 416 54 519 107 2
 MM 0 37 704 72 522 106 2
 MM 0 40 640 69 529 106 2
 MM 0 24 198 48 521 101 4
 MM 0 55 306 77 522 101 4
 MM 0 56 304 76 522 101 4
 MM 0 57 224 46 522 101 4
 MM 0 13 149 45 519 109 20
 MM 0 14 688 50 525 109 20
 MM 0 15 596 67 525 109 20
 MM 0 16 368 71 521 109 20
 MM 0 17 688 56 525 109 20
 MM 0 18 512 32 519 109 20
 MM 0 19 480 44 521 109 20
 MM 0 20 147 54 518 109 20
 MM 0 22 688 48 533 109 20
 MM 0 25 608 48 523 109 20
 MM 0 26 128 40 521 109 20
 MM 0 27 304 32 521 109 20
 MM 0 28 544 38 521 109 20
 MM 0 31 660 48 530 109 20
 MM 0 32 208 44 521 109 20
 MM 0 37 215 43 521 109 20
 MM 0 45 148 62 521 109 20
 MM 0 51 192 37 521 109 20
 MM 0 52 560 65 521 109 20
 MM 0 53 512 55 521 109 20
========= 
Start event: 3505 20 20 1471464105 1471464105 846263257 835026944 3197 7 6
 0 144 
 6 127 
 12 171 
 13 164 
 21 148 
 27 148 
 3 148 
 MM 7 25 352 56 3167 105 2
 MM 7 26 288 52 3167 105 2
 MM 0 30 327 33 3165 107 2
 MM 0 31 544 43 3165 107 2
 MM 7 57 153 32 3167 106 2
 MM 7 58 125 41 3169 106 2
========= 
Start event: 3505 21 21 1471464106 1471464106 620900797 610021120 3661 7 15
 4 127 
 10 137 
 12 168 
 13 164 
 20 152 
 26 153 
 2 153 
 MM 6 19 120 49 3631 105 4
 MM 6 20 416 49 3631 105 4
 MM 6 21 432 64 3633 105 4
 MM 6 22 168 54 3633 105 4
 MM 1 48 191 41 3629 107 2
 MM 1 49 240 35 3630 107 2
 MM 6 10 128 34 3638 106 3
 MM 6 11 240 40 3633 106 3
 MM 6 12 160 76 3630 106 3
 MM 2 13 336 50 3630 103 2
 MM 2 14 310 35 3631 103 2
 MM 5 53 167 52 3634 101 4
 MM 5 54 621 80 3634 101 4
 MM 5 55 608 71 3633 101 4
 MM 5 56 357 52 3633 101 4
========= 
Start event: 3505 22 22 1471464114 1471464113 170793575 955111936 472 8 8
 3 79 
 3 128 
 9 140 
 12 168 
 13 167 
 20 155 
 26 156 
 2 156 
 MM 7 14 174 72 441 105 2
 MM 7 15 188 62 441 105 2
 MM 0 50 228 36 439 107 2
 MM 0 51 149 60 441 107 2
 MM 7 18 176 45 441 106 1
 MM 0 54 416 39 441 103 2
 MM 0 55 288 53 439 103 2
 MM 7 18 109 35 442 101 1
========= 
Start event: 3505 23 23 1471464114 1471464114 518370396 507427072 2395 7 13
 0 132 
 6 128 
 12 162 
 13 160 
 21 147 
 27 146 
 3 146 
 MM 5 24 112 65 2366 105 1
 MM 2 26 208 57 2365 107 2
 MM 2 28 224 88 2365 107 2
 MM 6 11 162 68 2365 106 3
 MM 6 12 528 68 2365 106 3
 MM 6 13 384 55 2365 106 3
 MM 1 21 224 48 2363 103 3
 MM 1 22 224 80 2365 103 3
 MM 1 23 180 56 2365 103 3
 MM 7 13 223 51 2365 101 4
 MM 7 14 528 64 2366 101 4
 MM 7 15 356 63 2366 101 4
 MM 7 16 83 43 2366 101 4
========= 
Start event: 3505 24 24 1471464116 1471464116 654258393 644889088 3641 7 9
 5 134 
 11 134 
 12 165 
 13 164 
 21 148 
 27 142 
 3 142 
 MM 7 11 155 41 3609 107 4
 MM 7 12 487 57 3609 107 4
 MM 7 13 753 64 3613 107 4
 MM 7 14 426 64 3610 107 4
 MM 0 55 241 44 3609 106 2
 MM 0 56 209 64 3609 106 2
 MM 0 35 480 52 3609 101 2
 MM 0 36 352 44 3603 101 2
 MM 6 52 160 64 3621 110 1
========= 
Start event: 3505 25 25 1471464123 1471464123 20120927 009114880 3198 7 23
 2 127 
 8 133 
 12 164 
 13 164 
 21 151 
 27 144 
 3 144 
 MM 1 30 96 54 3169 105 2
 MM 1 31 288 62 3167 105 2
 MM 6 29 208 48 3169 107 2
 MM 6 30 157 48 3169 107 2
 MM 1 18 112 57 3166 106 11
 MM 1 19 144 48 3167 106 11
 MM 1 21 135 78 3166 106 11
 MM 1 22 144 72 3166 106 11
 MM 1 24 88 72 3170 106 11
 MM 1 25 368 80 3165 106 11
 MM 1 26 224 64 3161 106 11
 MM 1 27 160 56 3166 106 11
 MM 1 54 208 64 3169 106 11
 MM 1 55 720 32 3166 106 11
 MM 1 56 361 68 3169 106 11
 MM 1 59 224 73 2894 103 3
 MM 1 60 976 51 2917 103 3
 MM 1 61 943 100 2909 103 3
 MM 2 18 64 40 3170 101 3
 MM 2 19 213 64 3170 101 3
 MM 2 20 117 48 3170 101 3
 MM 2 12 288 43 3167 109 2
 MM 2 13 256 44 3167 109 2
========= 
Start event: 3505 26 26 1471464123 1471464123 941398903 930607104 2734 7 11
 2 129 
 8 130 
 12 158 
 13 158 
 21 147 
 27 141 
 3 141 
 MM 1 7 461 47 2705 105 2
 MM 1 11 137 48 2702 105 2
 MM 6 50 160 26 2705 107 3
 MM 6 51 256 32 2703 107 3
 MM 6 52 136 34 2702 107 3
 MM 1 36 144 66 2703 106 2
 MM 1 37 128 88 2705 106 2
 MM 1 59 270 38 2703 109 1
 MM 5 62 240 48 2706 110 3
 MM 5 63 307 54 2705 110 3
 MM 5 64 431 40 2702 110 3
========= 
Start event: 3505 27 27 1471464124 1471464124 598671008 588027904 3177 7 18
 1 128 
 7 130 
 12 163 
 13 163 
 21 147 
 27 141 
 3 141 
 MM 2 20 128 60 3146 105 2
 MM 2 21 132 48 3145 105 2
 MM 5 36 499 83 3147 107 2
 MM 5 37 779 49 3145 107 2
 MM 2 52 192 57 3145 106 3
 MM 2 53 128 48 3145 106 3
 MM 2 55 129 55 3149 106 3
 MM 3 33 205 25 3145 101 6
 MM 3 34 720 37 3151 101 6
 MM 3 35 592 48 3147 101 6
 MM 3 36 432 40 3150 101 6
 MM 3 37 269 56 3150 101 6
 MM 3 38 128 62 3153 101 6
 MM 3 36 400 40 3145 109 2
 MM 3 37 448 69 3145 109 2
 MM 4 17 368 51 3151 110 3
 MM 4 18 443 63 3151 110 3
 MM 4 19 336 55 3149 110 3
========= 
Start event: 3505 28 28 1471464124 1471464124 880841160 869559040 3028 7 12
 2 148 
 8 126 
 12 168 
 13 168 
 21 154 
 27 150 
 3 150 
 MM 3 35 144 72 2997 105 1
 MM 4 25 255 38 2997 107 8
 MM 4 26 240 35 2997 107 8
 MM 4 27 256 49 2997 107 8
 MM 4 30 168 51 2998 107 8
 MM 4 31 400 34 2997 107 8
 MM 4 32 160 43 2998 107 8
 MM 4 33 288 62 2998 107 8
 MM 4 34 233 43 2998 107 8
 MM 4 17 368 53 2997 101 2
 MM 4 18 240 39 2998 101 2
 MM 3 42 329 55 2998 110 1
========= 
Start event: 3505 29 29 1471464127 1471464127 253942211 243412992 2806 7 13
 4 154 
 10 127 
 12 172 
 13 170 
 20 152 
 26 166 
 2 166 
 MM 3 60 208 65 2774 105 2
 MM 3 61 256 41 2774 105 2
 MM 4 8 168 61 2774 107 2
 MM 4 9 205 64 2777 107 2
 MM 3 53 240 48 2774 106 1
 MM 3 25 192 33 2778 101 3
 MM 3 26 240 54 2778 101 3
 MM 3 27 337 65 2777 101 3
 MM 3 17 288 37 2774 109 2
 MM 3 18 256 53 2775 109 2
 MM 4 51 384 60 2777 110 3
 MM 4 52 544 65 2777 110 3
 MM 4 53 352 67 2777 110 3
========= 
Start event: 3505 30 30 1471464127 1471464127 653856920 643037952 1239 7 19
 2 134 
 8 127 
 12 163 
 13 163 
 21 150 
 27 140 
 3 140 
 MM 4 18 128 58 1209 105 1
 MM 3 25 112 54 1213 107 16
 MM 3 26 672 51 1210 107 16
 MM 3 27 672 43 1215 107 16
 MM 3 28 910 40 1221 107 16
 MM 3 29 720 64 1215 107 16
 MM 3 30 549 43 1209 107 16
 MM 3 31 416 60 1209 107 16
 MM 3 32 272 59 1209 107 16
 MM 3 33 192 80 1209 107 16
 MM 3 34 176 55 1209 107 16
 MM 3 35 704 32 1209 107 16
 MM 3 36 656 39 1211 107 16
 MM 3 37 304 48 1209 107 16
 MM 3 38 144 29 1209 107 16
 MM 3 39 305 42 1209 107 16
 MM 3 41 601 48 1211 107 16
 MM 5 2 752 51 1221 101 2
 MM 4 64 135 40 1206 101 2
========= 
Start event: 3505 31 31 1471464127 1471464127 788558383 777734912 3860 7 8
 4 137 
 10 126 
 12 162 
 13 160 
 20 149 
 26 152 
 2 152 
 MM 4 43 103 37 3829 105 3
 MM 4 44 565 51 3833 105 3
 MM 4 46 277 40 3829 105 3
 MM 3 21 176 35 3829 107 1
 MM 3 28 240 53 3829 103 1
 MM 4 37 112 32 3830 101 3
 MM 4 38 240 48 3829 101 3
 MM 4 39 160 19 3829 101 3
========= 
Start event: 3505 32 32 1471464130 1471464130 203397396 193486848 2561 7 6
 3 134 
 9 128 
 12 165 
 13 166 
 21 146 
 27 146 
 3 146 
 MM 7 9 336 59 2530 107 2
 MM 7 10 240 46 2530 107 2
 MM 1 5 317 88 2533 106 1
 MM 1 15 160 61 2533 101 2
 MM 1 16 129 59 2531 101 2
 MM 6 52 248 46 2531 110 1
========= 
Start event: 3505 33 33 1471464130 1471464130 676923024 666276096 1707 7 9
 5 154 
 11 125 
 12 182 
 13 179 
 20 165 
 26 170 
 2 170 
 MM 3 59 352 43 1677 107 2
 MM 3 62 352 35 1677 107 2
 MM 3 24 103 61 1679 101 3
 MM 3 25 208 57 1677 101 3
 MM 3 26 240 46 1677 101 3
 MM 3 9 272 40 1675 109 2
 MM 3 10 192 48 1675 109 2
 MM 4 62 176 55 1677 110 2
 MM 4 64 928 43 1689 110 2
========= 
Start event: 3505 34 34 1471464133 1471464133 339954790 329203968 2500 7 6
 5 135 
 11 129 
 12 162 
 13 163 
 21 148 
 27 141 
 3 141 
 MM 0 31 160 54 2470 105 1
 MM 7 35 336 32 2469 107 3
 MM 7 36 544 29 2469 107 3
 MM 7 37 288 40 2470 107 3
 MM 0 27 160 48 2470 106 2
 MM 0 28 192 53 2471 106 2
========= 
Start event: 3505 35 35 1471464134 1471464134 472923395 462222080 3854 7 13
 2 133 
 8 128 
 12 162 
 13 160 
 21 147 
 27 141 
 3 141 
 MM 2 4 284 48 3823 105 3
 MM 2 5 479 80 3823 105 3
 MM 2 6 144 64 3823 105 3
 MM 5 55 130 60 3826 107 1
 MM 2 20 144 80 3821 106 2
 MM 2 21 180 56 3822 106 2
 MM 2 40 80 44 3823 101 3
 MM 2 41 137 17 3826 101 3
 MM 2 42 160 41 3827 101 3
 MM 2 39 400 48 3823 109 1
 MM 5 20 110 34 3825 110 3
 MM 5 21 267 28 3822 110 3
 MM 5 22 176 58 3825 110 3
========= 
Start event: 3505 36 36 1471464135 1471464135 77901516 066784000 3658 7 31
 2 126 
 8 138 
 12 166 
 13 165 
 21 151 
 27 141 
 3 141 
 MM 1 1 256 62 3630 105 8
 MM 4 47 160 29 3629 105 8
 MM 4 48 432 29 3625 105 8
 MM 4 49 343 32 3625 105 8
 MM 4 50 199 48 3627 105 8
 MM 4 51 192 30 3629 105 8
 MM 4 52 352 40 3629 105 8
 MM 4 53 155 30 3629 105 8
 MM 6 35 298 62 3627 107 15
 MM 6 36 800 34 3630 107 15
 MM 6 37 704 39 3633 107 15
 MM 6 38 448 51 3626 107 15
 MM 6 39 179 63 3626 107 15
 MM 6 40 131 39 3626 107 15
 MM 6 41 112 39 3626 107 15
 MM 6 42 160 32 3626 107 15
 MM 6 44 256 32 3626 107 15
 MM 6 45 176 44 3626 107 15
 MM 6 46 160 35 3626 107 15
 MM 6 52 184 56 3626 107 15
 MM 6 53 304 48 3626 107 15
 MM 6 54 238 32 3627 107 15
 MM 6 55 338 47 3626 107 15
 MM 1 33 176 64 3629 106 2
 MM 1 34 144 56 3629 106 2
 MM 2 2 368 65 3627 101 3
 MM 2 3 656 57 3627 101 3
 MM 2 4 243 56 3627 101 3
 MM 1 61 176 72 3631 109 2
 MM 1 62 208 69 3629 109 2
 MM 5 60 161 56 3627 110 1
========= 
Start event: 3505 37 37 1471464137 1471464137 724360111 509958912 2920 8 11
 4 86 
 4 142 
 10 130 
 12 167 
 13 164 
 21 148 
 27 141 
 3 141 
 MM 3 23 240 76 2889 105 1
 MM 4 43 145 56 2889 107 4
 MM 4 44 640 33 2893 107 4
 MM 4 45 704 35 2897 107 4
 MM 4 46 288 59 2893 107 4
 MM 3 22 432 72 2893 106 2
 MM 3 23 144 69 2893 106 2
 MM 3 8 208 43 2897 101 3
 MM 3 9 320 53 2895 101 3
 MM 3 10 96 60 2895 101 3
 MM 5 2 203 35 2890 110 1
========= 
Start event: 3505 38 38 1471464138 1471464138 224376730 213259008 1931 7 6
 2 159 
 8 125 
 12 176 
 13 172 
 20 158 
 26 166 
 2 166 
 MM 7 34 96 52 1901 105 3
 MM 7 35 272 60 1901 105 3
 MM 7 36 128 67 1901 105 3
 MM 0 28 272 49 1901 107 2
 MM 0 29 352 60 1902 107 2
 MM 7 39 117 21 1902 106 1
========= 
Start event: 3505 39 39 1471464139 1471464139 55306557 044572160 2356 7 12
 2 144 
 8 127 
 12 167 
 13 165 
 21 155 
 27 151 
 3 151 
 MM 3 64 176 34 2323 105 1
 MM 3 57 128 48 2334 107 6
 MM 4 28 416 56 2327 107 6
 MM 4 29 288 46 2330 107 6
 MM 3 58 137 48 2331 107 6
 MM 3 59 112 39 2325 107 6
 MM 4 30 112 44 2330 107 6
 MM 4 48 288 38 2325 101 3
 MM 4 49 209 32 2326 101 3
 MM 4 50 144 46 2329 101 3
 MM 3 13 208 72 2325 110 2
 MM 3 14 208 77 2325 110 2
========= 
Start event: 3505 40 40 1471464142 1471464142 225387579 214658048 2952 9 1
 2 89 
 2 145 
 8 62 
 8 127 
 12 169 
 13 169 
 21 155 
 27 146 
 3 146 
 MM 0 50 299 65 2922 106 1
========= 
Start event: 3505 41 41 1471464142 1471464142 784269637 569312000 3028 7 10
 0 128 
 6 136 
 12 169 
 13 166 
 21 157 
 27 148 
 3 148 
 MM 4 36 97 58 2995 105 1
 MM 3 17 176 64 2998 107 4
 MM 3 19 736 64 2997 107 4
 MM 3 20 208 36 2997 107 4
 MM 3 21 151 60 2998 107 4
 MM 2 13 208 36 2998 103 2
 MM 2 14 160 34 2999 103 2
 MM 6 17 624 72 2998 101 3
 MM 6 18 711 80 3002 101 3
 MM 6 19 277 52 2998 101 3
========= 
Start event: 3505 42 42 1471464143 1471464143 403252297 389920000 49 9 7
 4 152 
 10 128 
 12 166 
 13 165 
 20 150 
 21 154 
 26 161 
 27 152 
 3 152 
 MM 2 3 160 52 19 105 1
 MM 6 2 848 36 21 107 2
 MM 6 3 160 55 18 107 2
 MM 1 44 144 51 19 101 2
 MM 1 46 243 60 18 101 2
 MM 1 34 608 39 15 109 2
 MM 1 35 425 48 17 109 2
========= 
Start event: 3505 43 43 1471464143 1471464143 532832321 522106880 3010 7 8
 1 146 
 7 130 
 12 169 
 13 167 
 21 148 
 27 154 
 3 154 
 MM 3 53 160 40 2981 105 4
 MM 3 54 640 56 2979 105 4
 MM 3 55 864 40 2981 105 4
 MM 3 56 144 64 2981 105 4
 MM 4 29 128 33 2977 101 2
 MM 4 30 208 38 2978 101 2
 MM 3 28 240 52 2981 110 2
 MM 3 29 323 66 2981 110 2
========= 
Start event: 3505 44 44 1471464146 1471464146 357797315 346999808 316 7 13
 4 135 
 10 133 
 12 164 
 13 160 
 21 148 
 27 141 
 3 141 
 MM 2 45 619 64 285 105 1
 MM 5 20 160 80 289 107 2
 MM 5 21 528 46 285 107 2
 MM 2 42 192 57 289 106 2
 MM 2 43 275 48 285 106 2
 MM 2 31 128 60 287 101 3
 MM 2 32 592 49 289 101 3
 MM 2 33 284 32 285 101 3
 MM 2 25 288 64 285 109 1
 MM 5 40 432 48 287 110 4
 MM 5 41 768 52 298 110 4
 MM 5 42 672 32 291 110 4
 MM 5 43 224 55 291 110 4
========= 
Start event: 3505 45 45 1471464147 1471464147 480188295 462793984 2442 13 12
 3 74 
 3 136 
 4 135 
 5 76 
 5 140 
 9 124 
 10 133 
 11 111 
 12 164 
 13 162 
 21 148 
 27 142 
 3 142 
 MM 1 47 464 24 2411 105 2
 MM 1 49 304 58 2413 105 2
 MM 6 15 101 68 2414 107 3
 MM 6 16 320 40 2413 107 3
 MM 6 17 240 56 2411 107 3
 MM 1 59 128 45 2414 106 3
 MM 1 60 149 55 2413 106 3
 MM 1 61 101 81 2414 106 3
 MM 1 51 304 56 2415 109 2
 MM 1 52 448 48 2413 109 2
 MM 6 11 160 53 2415 110 2
 MM 6 12 223 34 2413 110 2
========= 
Start event: 3505 46 46 1471464152 1471464152 494362691 483352064 2435 7 11
 5 127 
 11 153 
 12 169 
 13 167 
 20 154 
 26 153 
 2 153 
 MM 4 34 175 43 2403 105 1
 MM 3 36 672 40 2411 107 4
 MM 3 37 704 40 2411 107 4
 MM 3 38 352 48 2411 107 4
 MM 3 39 688 48 2413 107 4
 MM 3 50 96 47 2409 101 4
 MM 3 51 217 49 2407 101 4
 MM 3 52 260 64 2405 101 4
 MM 3 53 166 33 2406 101 4
 MM 3 36 384 25 2403 109 1
 MM 4 36 192 56 2407 110 1
========= 
Start event: 3505 47 47 1471464158 1471464158 383106519 372463872 1918 7 2
 0 127 
 6 134 
 12 165 
 13 161 
 21 151 
 27 143 
 3 143 
 MM 6 22 64 58 1887 105 1
 MM 7 28 160 32 1886 101 1
========= 
Start event: 3505 48 48 1471464159 1471464159 252950723 242063104 701 7 7
 3 159 
 9 126 
 12 171 
 13 173 
 21 159 
 27 154 
 3 154 
 MM 0 37 178 56 673 105 2
 MM 0 38 458 63 671 105 2
 MM 7 23 128 43 677 107 2
 MM 7 24 185 80 674 107 2
 MM 0 46 397 41 669 106 3
 MM 0 47 416 56 671 106 3
 MM 0 48 192 50 673 106 3
========= 
Start event: 3505 49 49 1471464159 1471464159 474323456 462863872 25 8 8
 1 17 
 1 142 
 7 129 
 12 170 
 13 164 
 21 147 
 27 148 
 3 148 
 MM 6 6 409 183 0 105 3
 MM 6 7 480 155 0 105 3
 MM 6 8 144 167 0 105 3
 MM 1 52 272 161 0 107 3
 MM 1 53 784 71 0 107 3
 MM 1 54 522 187 0 107 3
 MM 6 55 256 232 0 101 2
 MM 6 56 480 232 0 101 2
========= 
Start event: 3505 50 50 1471464160 1471464160 38266465 027406080 1292 7 4
 0 159 
 6 126 
 12 181 
 13 176 
 21 155 
 27 165 
 3 165 
 MM 6 10 112 64 1261 105 2
 MM 6 11 80 56 1261 105 2
 MM 1 43 160 51 1263 107 2
 MM 1 44 336 23 1259 107 2
========= 
Start event: 3505 51 51 1471464166 1471464166 853053429 844363008 2640 7 17
 3 144 
 9 127 
 12 171 
 13 168 
 21 158 
 27 148 
 3 148 
 MM 5 26 208 72 2613 106 9
 MM 6 27 128 40 2609 106 9
 MM 6 28 166 72 2609 106 9
 MM 6 31 192 47 2609 106 9
 MM 6 32 208 69 2609 106 9
 MM 6 33 128 57 2609 106 9
 MM 6 37 128 66 2613 106 9
 MM 6 38 138 32 2606 106 9
 MM 6 39 192 58 2613 106 9
 MM 2 36 144 33 2613 103 5
 MM 3 24 179 41 2610 103 5
 MM 3 27 590 31 2609 103 5
 MM 2 37 368 40 2609 103 5
 MM 2 38 208 33 2610 103 5
 MM 5 28 261 48 2610 101 3
 MM 5 29 676 42 2610 101 3
 MM 5 30 208 77 2613 101 3
========= 
Start event: 3505 52 52 1471464167 1471464167 575851896 564904960 1030 7 8
 1 148 
 7 125 
 12 170 
 13 166 
 21 152 
 27 150 
 3 150 
 MM 6 60 160 64 1001 105 3
 MM 6 61 288 57 999 105 3
 MM 6 62 160 56 999 105 3
 MM 0 60 216 38 999 107 1
 MM 7 25 137 21 1006 106 4
 MM 7 26 464 45 1001 106 4
 MM 7 27 352 44 1001 106 4
 MM 7 28 144 20 1002 106 4
========= 
Start event: 3505 53 53 1471464168 1471464168 121120267 107860992 320 9 7
 2 148 
 3 148 
 8 131 
 9 118 
 12 172 
 13 171 
 21 157 
 27 142 
 3 142 
 MM 1 25 224 57 290 105 1
 MM 1 30 192 56 289 106 5
 MM 1 31 256 64 289 106 5
 MM 1 32 192 88 289 106 5
 MM 1 33 192 72 289 106 5
 MM 1 34 96 80 289 106 5
 MM 1 39 368 88 289 101 1
========= 
Start event: 3505 54 54 1471464168 1471464168 779633834 769370112 1489 7 13
 2 141 
 8 126 
 12 168 
 13 165 
 21 157 
 27 149 
 3 149 
 MM 6 36 144 48 1458 107 4
 MM 6 37 640 56 1458 107 4
 MM 6 38 512 49 1463 107 4
 MM 6 39 288 64 1463 107 4
 MM 1 41 224 48 1459 106 5
 MM 1 42 400 72 1459 106 5
 MM 1 43 224 48 1458 106 5
 MM 1 53 116 72 1457 106 5
 MM 1 54 128 66 1457 106 5
 MM 1 64 281 56 1458 101 3
 MM 2 1 448 36 1459 101 3
 MM 2 2 192 65 1461 101 3
 MM 1 64 192 75 1458 109 1
========= 
Start event: 3505 55 55 1471464169 1471464169 84042935 072038912 2919 8 23
 4 126 
 10 137 
 12 164 
 13 163 
 20 123 
 21 149 
 27 145 
 3 145 
 MM 2 41 159 54 2889 105 3
 MM 2 42 736 69 2891 105 3
 MM 2 43 494 60 2890 105 3
 MM 5 6 244 88 2891 107 11
 MM 5 7 976 48 2889 107 11
 MM 5 10 896 70 2894 107 11
 MM 5 11 176 64 2891 107 11
 MM 5 12 399 49 2890 107 11
 MM 5 13 624 77 2889 107 11
 MM 5 14 189 64 2891 107 11
 MM 5 15 222 79 2889 107 11
 MM 5 25 480 56 2891 107 11
 MM 5 26 672 87 2889 107 11
 MM 5 27 261 67 2891 107 11
 MM 2 41 112 56 2895 106 3
 MM 2 42 320 40 2886 106 3
 MM 2 43 84 56 2886 106 3
 MM 2 27 480 39 2889 101 3
 MM 2 28 720 19 2887 101 3
 MM 2 29 224 40 2889 101 3
 MM 5 53 208 43 2893 110 3
 MM 5 54 602 54 2889 110 3
 MM 5 55 165 33 2891 110 3
========= 
Start event: 3505 56 56 1471464172 1471464172 494506737 280059136 3365 8 9
 4 140 
 10 127 
 12 84 
 12 168 
 13 165 
 20 153 
 26 159 
 2 159 
 MM 5 44 509 52 3333 105 3
 MM 5 45 848 62 3338 105 3
 MM 5 46 144 32 3333 105 3
 MM 2 25 754 46 3334 107 2
 MM 2 26 528 48 3335 107 2
 MM 5 33 304 35 3337 106 2
 MM 5 34 224 54 3333 106 2
 MM 3 12 176 64 3334 110 2
 MM 3 13 192 56 3335 110 2
========= 
Start event: 3505 57 57 1471464172 1471464172 822463212 810857984 2409 7 6
 2 127 
 8 133 
 12 168 
 13 162 
 21 154 
 27 141 
 3 141 
 MM 4 8 664 40 2378 105 1
 MM 4 50 208 48 2381 101 4
 MM 4 51 576 48 2385 101 4
 MM 4 52 330 48 2379 101 4
 MM 4 53 144 36 2381 101 4
 MM 3 11 271 56 2379 110 1
========= 
Start event: 3505 58 58 1471464173 1471464173 724185919 712730880 228 7 12
 1 145 
 7 125 
 12 174 
 13 170 
 21 156 
 27 153 
 3 153 
 MM 5 59 240 36 197 105 3
 MM 5 60 320 56 197 105 3
 MM 5 61 144 72 198 105 3
 MM 1 62 176 34 201 107 3
 MM 1 63 688 54 197 107 3
 MM 1 64 816 29 209 107 3
 MM 6 19 224 40 197 106 1
 MM 1 34 352 81 197 103 3
 MM 1 35 416 66 197 103 3
 MM 1 36 288 85 198 103 3
 MM 6 47 192 40 199 101 2
 MM 6 48 208 71 201 101 2
========= 
Start event: 3505 59 59 1471464177 1471464177 416413052 407262976 2688 7 5
 2 152 
 8 126 
 12 176 
 13 170 
 21 160 
 27 155 
 3 155 
 MM 3 38 179 49 2658 107 3
 MM 3 39 356 41 2657 107 3
 MM 3 41 134 47 2657 107 3
 MM 4 58 176 42 2658 101 1
 MM 3 7 322 42 2657 110 1
========= 
Start event: 3505 60 60 1471464178 1471464178 795554097 782330880 1155 9 13
 0 136 
 6 128 
 12 166 
 13 163 
 20 146 
 21 147 
 26 153 
 27 139 
 3 139 
 MM 4 13 192 32 1123 105 3
 MM 4 14 352 46 1125 105 3
 MM 4 15 234 62 1125 105 3
 MM 3 38 207 61 1127 107 2
 MM 3 39 320 42 1125 107 2
 MM 2 31 176 35 1123 103 5
 MM 2 32 160 32 1125 103 5
 MM 2 33 192 37 1125 103 5
 MM 2 34 304 36 1125 103 5
 MM 2 35 176 27 1125 103 5
 MM 5 60 283 61 1123 101 3
 MM 5 61 202 55 1126 101 3
 MM 5 63 128 69 1129 101 3
========= 
Start event: 3505 61 61 1471464180 1471464180 455323636 445729024 3341 7 4
 2 152 
 8 127 
 12 176 
 13 175 
 21 155 
 27 155 
 3 155 
 MM 3 41 273 48 3313 107 1
 MM 4 61 240 48 3309 101 3
 MM 4 62 259 47 3311 101 3
 MM 4 63 208 41 3310 101 3
========= 
Start event: 3505 62 62 1471464184 1471464184 864715915 854408960 1732 7 19
 1 126 
 7 132 
 12 168 
 13 166 
 21 152 
 27 148 
 3 148 
 MM 4 39 108 44 1698 105 13
 MM 6 17 105 56 1703 105 13
 MM 6 18 208 40 1701 105 13
 MM 6 19 384 64 1701 105 13
 MM 6 20 544 49 1701 105 13
 MM 6 21 288 64 1701 105 13
 MM 6 22 95 64 1701 105 13
 MM 6 23 209 66 1701 105 13
 MM 6 24 192 36 1699 105 13
 MM 6 32 80 49 1702 105 13
 MM 6 59 97 48 1701 105 13
 MM 6 60 192 50 1699 105 13
 MM 6 61 125 58 1701 105 13
 MM 3 18 448 44 1703 107 2
 MM 3 19 331 45 1702 107 2
 MM 5 38 240 64 1701 101 4
 MM 5 39 112 61 1701 101 4
 MM 5 40 422 62 1703 101 4
 MM 5 41 192 80 1705 101 4
========= 
Start event: 3505 63 63 1471464187 1471464187 634296570 623367936 1318 7 21
 1 125 
 7 141 
 12 169 
 13 168 
 21 153 
 27 144 
 3 144 
 MM 3 54 124 50 1291 105 2
 MM 3 55 96 43 1291 105 2
 MM 4 1 288 72 1289 107 3
 MM 4 2 574 52 1287 107 3
 MM 4 3 672 80 1286 107 3
 MM 3 13 288 51 1285 103 4
 MM 3 24 280 32 1287 103 4
 MM 3 25 624 49 1289 103 4
 MM 3 27 258 36 1286 103 4
 MM 4 61 173 64 1287 101 8
 MM 5 7 120 37 1289 101 8
 MM 5 8 160 47 1289 101 8
 MM 4 62 569 24 1290 101 8
 MM 4 63 579 32 1287 101 8
 MM 5 9 373 45 1289 101 8
 MM 4 64 101 46 1290 101 8
 MM 5 10 251 60 1290 101 8
 MM 2 51 173 72 1289 110 4
 MM 3 6 246 57 1290 110 4
 MM 2 52 384 82 1287 110 4
 MM 3 7 368 69 1289 110 4
========= 
Start event: 3505 64 64 1471464191 1471464191 192137557 181005056 110 7 15
 3 164 
 9 126 
 12 181 
 13 176 
 20 158 
 26 165 
 2 165 
 MM 6 24 144 60 81 105 2
 MM 6 25 202 48 79 105 2
 MM 1 36 153 56 81 107 4
 MM 1 37 608 43 81 107 4
 MM 1 38 733 43 83 107 4
 MM 1 39 339 34 79 107 4
 MM 6 32 153 32 77 106 7
 MM 6 33 144 56 81 106 7
 MM 6 52 416 82 81 106 7
 MM 6 53 880 79 82 106 7
 MM 6 54 739 62 85 106 7
 MM 6 55 816 62 82 106 7
 MM 6 56 160 46 81 106 7
 MM 1 12 246 77 77 103 2
 MM 1 13 304 80 77 103 2
========= 
Start event: 3505 65 65 1471464193 1471464193 752682022 740222976 2906 8 4
 5 132 
 11 64 
 11 125 
 12 162 
 13 159 
 21 149 
 27 141 
 3 141 
 MM 5 5 150 34 2875 105 1
 MM 2 50 592 28 2877 103 3
 MM 2 51 512 32 2881 103 3
 MM 2 52 256 40 2877 103 3
========= 
Start event: 3505 66 66 1471464197 1471464197 205373942 187832064 4 14 9
 4 132 
 10 144 
 12 158 
 13 48 
 13 155 
 17 129 
 18 129 
 20 142 
 21 154 
 24 153 
 25 151 
 26 159 
 27 142 
 3 142 
 MM 2 35 422 56 4082 107 1
 MM 5 45 206 67 4081 106 2
 MM 5 46 177 55 4082 106 2
 MM 1 59 928 102 4089 103 2
 MM 1 61 944 64 4083 103 2
 MM 6 20 640 72 4081 101 4
 MM 6 21 800 56 4091 101 4
 MM 6 22 704 70 4089 101 4
 MM 6 23 384 60 4083 101 4
========= 
Start event: 3505 67 67 1471464198 1471464198 598878527 587078144 380 8 4
 5 126 
 11 149 
 12 29 
 12 171 
 13 167 
 20 155 
 26 156 
 2 156 
 MM 5 37 64 46 350 105 2
 MM 5 38 107 44 349 105 2
 MM 2 33 576 84 351 107 2
 MM 2 34 288 48 351 107 2
========= 
Start event: 3505 68 68 1471464204 1471464204 92576667 081698816 1268 7 16
 2 144 
 8 126 
 12 168 
 13 167 
 21 158 
 27 150 
 3 150 
 MM 2 13 96 72 1239 105 2
 MM 2 14 199 53 1237 105 2
 MM 5 47 348 72 1239 107 3
 MM 5 48 320 48 1238 107 3
 MM 5 49 124 59 1239 107 3
 MM 2 27 273 64 1237 106 4
 MM 2 28 416 48 1235 106 4
 MM 2 29 576 96 1238 106 4
 MM 2 30 160 56 1238 106 4
 MM 2 47 272 35 1237 101 4
 MM 2 48 768 49 1242 101 4
 MM 2 49 288 40 1238 101 4
 MM 2 50 112 72 1241 101 4
 MM 2 49 960 71 1241 109 1
 MM 5 12 640 48 1238 110 2
 MM 5 13 624 68 1239 110 2
========= 
